Step 1:
	Obs: (array([7., 1., 0., 0., 0., 1., 0., 0., 0., 1., 0., 0., 0., 0., 0., 0., 1.,
       0., 0., 0., 0., 0., 0., 1., 0., 0., 0., 0., 0., 0., 1., 0., 0., 0.,
       0., 0., 1., 0., 0., 1., 0., 1., 0., 0., 1., 0., 0., 0., 1., 0., 0.,
       1., 0., 0., 0., 0., 0., 0., 1., 0., 0., 0., 1., 0., 0., 1., 0., 0.,
       0., 1., 0.], dtype=float32), array([1., 2., 0., 0., 0., 1., 0., 0., 0., 1., 0., 0., 0., 0., 0., 0., 1.,
       0., 0., 0., 1., 0., 0., 1., 0., 0., 0., 1., 0., 0., 1., 0., 0., 0.,
       0., 0., 1., 0., 0., 1., 0., 1., 0., 0., 1., 0., 0., 0., 1., 0., 0.,
       1., 0., 0., 0., 0., 0., 0., 1., 0., 0., 0., 1., 0., 0., 1., 0., 0.,
       0., 1., 0.], dtype=float32))
	Rew: [np.float64(-1.0), np.float64(-1.0)]
	Done: False
	Accumulated Rew: ['-1.0', '-1.0']
	Team Reward (cumulative): 0.0
	Battery: [10, 10]
Step 2:
	Obs: (array([6., 1., 0., 0., 0., 1., 0., 1., 0., 1., 0., 0., 0., 0., 0., 0., 1.,
       0., 0., 0., 0., 0., 0., 1., 0., 0., 0., 0., 0., 0., 1., 0., 0., 0.,
       1., 0., 0., 1., 0., 0., 0., 0., 0., 1., 0., 0., 1., 0., 1., 0., 0.,
       1., 0., 0., 0., 1., 0., 0., 1., 0., 0., 0., 0., 0., 0., 1., 0., 0.,
       0., 1., 0.], dtype=float32), array([0., 2., 0., 0., 0., 1., 0., 1., 0., 1., 0., 0., 0., 0., 0., 0., 1.,
       0., 0., 0., 0., 0., 0., 1., 0., 0., 0., 1., 0., 0., 1., 0., 0., 0.,
       0., 0., 0., 1., 0., 0., 0., 0., 0., 1., 0., 0., 1., 0., 1., 0., 0.,
       1., 0., 0., 0., 0., 0., 0., 1., 0., 0., 0., 0., 0., 0., 1., 0., 0.,
       0., 1., 0.], dtype=float32))
	Rew: [np.float64(-0.1), np.float64(-0.1)]
	Done: False
	Accumulated Rew: ['-1.1', '-1.1']
	Team Reward (cumulative): 0.0
	Battery: [9, 9]
Step 3:
	Obs: (array([6., 1., 0., 0., 1., 0., 0., 1., 0., 1., 0., 0., 0., 0., 0., 0., 1.,
       0., 0., 0., 0., 0., 0., 1., 0., 0., 0., 0., 0., 0., 1., 0., 0., 0.,
       1., 0., 0., 1., 0., 0., 0., 0., 0., 1., 0., 1., 0., 0., 1., 0., 0.,
       1., 0., 0., 0., 1., 0., 0., 1., 0., 0., 0., 0., 0., 0., 1., 0., 0.,
       0., 1., 0.], dtype=float32), array([0., 2., 0., 0., 1., 0., 0., 1., 0., 1., 0., 0., 0., 0., 0., 0., 1.,
       0., 0., 0., 0., 0., 0., 1., 0., 0., 0., 1., 0., 0., 1., 0., 0., 0.,
       0., 0., 0., 1., 0., 0., 0., 0., 0., 1., 0., 1., 0., 0., 1., 0., 0.,
       1., 0., 0., 0., 0., 0., 0., 1., 0., 0., 0., 0., 0., 0., 1., 0., 0.,
       0., 1., 0.], dtype=float32))
	Rew: [np.float64(-0.1), np.float64(-0.1)]
	Done: False
	Accumulated Rew: ['-1.2', '-1.2']
	Team Reward (cumulative): 0.0
	Battery: [9, 9]
Step 4:
	Obs: (array([6., 2., 0., 0., 1., 0., 0., 1., 0., 1., 0., 0., 0., 1., 0., 0., 1.,
       0., 0., 0., 0., 0., 1., 0., 1., 0., 0., 1., 0., 0., 1., 0., 0., 0.,
       1., 0., 0., 1., 0., 0., 0., 0., 0., 0., 1., 0., 0., 0., 1., 0., 0.,
       1., 0., 0., 0., 1., 0., 0., 1., 0., 0., 0., 0., 0., 0., 1., 0., 0.,
       0., 1., 0.], dtype=float32), array([0., 3., 0., 0., 1., 0., 0., 1., 0., 1., 0., 0., 0., 0., 0., 0., 1.,
       0., 0., 0., 0., 0., 1., 0., 1., 0., 0., 1., 0., 0., 1., 0., 0., 0.,
       0., 0., 0., 1., 0., 0., 0., 0., 0., 0., 1., 0., 0., 0., 1., 0., 0.,
       1., 0., 0., 0., 0., 0., 0., 1., 0., 0., 0., 0., 0., 0., 1., 0., 0.,
       0., 0., 0.], dtype=float32))
	Rew: [np.float64(-0.1), np.float64(-0.1)]
	Done: False
	Accumulated Rew: ['-1.3', '-1.3']
	Team Reward (cumulative): 0.0
	Battery: [8, 8]
Step 5:
	Obs: (array([6., 3., 0., 0., 1., 0., 0., 1., 0., 1., 0., 0., 0., 1., 0., 0., 1.,
       0., 0., 0., 0., 0., 0., 1., 0., 0., 0., 1., 0., 0., 1., 0., 0., 0.,
       1., 0., 0., 1., 0., 0., 0., 0., 0., 0., 1., 0., 0., 0., 1., 0., 0.,
       1., 0., 0., 0., 0., 0., 0., 1., 0., 0., 0., 0., 0., 0., 1., 0., 0.,
       0., 0., 0.], dtype=float32), array([0., 4., 0., 0., 1., 0., 0., 1., 0., 1., 0., 0., 0., 0., 0., 0., 1.,
       0., 0., 0., 0., 0., 0., 1., 0., 0., 0., 1., 0., 0., 1., 0., 0., 0.,
       0., 0., 0., 1., 0., 0., 0., 0., 0., 0., 1., 0., 0., 0., 0., 0., 0.,
       1., 0., 0., 0., 0., 0., 0., 1., 0., 0., 0., 0., 0., 0., 1., 0., 0.,
       0., 1., 1.], dtype=float32))
	Rew: [np.float64(-0.1), np.float64(-0.1)]
	Done: False
	Accumulated Rew: ['-1.4', '-1.4']
	Team Reward (cumulative): 0.0
	Battery: [7, 7]
Step 6:
	Obs: (array([6., 4., 0., 0., 1., 0., 0., 1., 0., 1., 0., 0., 0., 1., 0., 0., 1.,
       0., 0., 0., 0., 0., 0., 1., 0., 0., 0., 1., 0., 0., 1., 0., 0., 0.,
       0., 0., 0., 1., 0., 0., 0., 0., 0., 0., 1., 0., 0., 0., 0., 0., 0.,
       1., 0., 0., 0., 0., 0., 0., 1., 0., 0., 0., 0., 0., 0., 1., 0., 0.,
       0., 1., 0.], dtype=float32), array([0., 4., 0., 0., 0., 0., 1., 1., 0., 1., 0., 0., 0., 0., 0., 0., 1.,
       0., 0., 0., 0., 0., 0., 1., 0., 0., 0., 1., 0., 0., 1., 0., 0., 0.,
       0., 0., 0., 1., 0., 0., 0., 0., 0., 0., 1., 0., 0., 0., 0., 0., 0.,
       1., 0., 0., 0., 0., 0., 0., 1., 0., 0., 0., 0., 0., 0., 1., 0., 0.,
       0., 1., 1.], dtype=float32))
	Rew: [np.float64(-0.1), np.float64(-0.1)]
	Done: False
	Accumulated Rew: ['-1.5', '-1.5']
	Team Reward (cumulative): 0.0
	Battery: [6, 7]
Step 7:
	Obs: (array([6., 4., 0., 0., 0., 1., 0., 1., 0., 1., 0., 0., 0., 1., 0., 0., 1.,
       0., 0., 0., 0., 0., 0., 1., 0., 0., 0., 1., 0., 0., 1., 0., 0., 0.,
       0., 0., 0., 1., 0., 0., 0., 0., 0., 0., 1., 0., 0., 0., 0., 0., 0.,
       1., 0., 0., 0., 0., 0., 0., 1., 0., 0., 0., 0., 0., 0., 1., 0., 0.,
       0., 1., 0.], dtype=float32), array([1., 4., 0., 0., 0., 0., 1., 1., 0., 1., 0., 0., 0., 0., 0., 0., 1.,
       0., 0., 0., 1., 0., 0., 1., 0., 0., 0., 1., 0., 0., 1., 0., 0., 0.,
       0., 0., 0., 1., 0., 0., 0., 0., 0., 0., 1., 0., 0., 0., 0., 0., 0.,
       1., 0., 0., 0., 0., 0., 0., 1., 0., 0., 0., 1., 1., 0., 1., 0., 0.,
       0., 1., 0.], dtype=float32))
	Rew: [np.float64(-0.1), np.float64(-0.1)]
	Done: False
	Accumulated Rew: ['-1.6', '-1.6']
	Team Reward (cumulative): 0.0
	Battery: [6, 6]
Step 8:
	Obs: (array([5., 4., 0., 0., 0., 1., 0., 1., 0., 1., 0., 0., 0., 1., 0., 0., 1.,
       0., 0., 0., 1., 0., 0., 1., 0., 0., 0., 0., 0., 0., 1., 0., 0., 0.,
       0., 0., 0., 1., 0., 0., 0., 0., 0., 0., 1., 0., 0., 0., 0., 0., 0.,
       1., 0., 0., 0., 0., 0., 0., 1., 0., 0., 0., 0., 0., 0., 1., 0., 0.,
       0., 0., 0.], dtype=float32), array([2., 4., 0., 0., 0., 0., 1., 1., 0., 1., 0., 0., 0., 1., 0., 0., 1.,
       0., 0., 0., 1., 0., 0., 1., 0., 0., 0., 0., 0., 0., 1., 0., 0., 0.,
       0., 0., 0., 1., 0., 0., 0., 0., 0., 0., 1., 0., 0., 0., 0., 0., 0.,
       1., 0., 0., 0., 1., 1., 0., 1., 0., 0., 0., 1., 0., 0., 1., 0., 0.,
       0., 0., 0.], dtype=float32))
	Rew: [np.float64(-0.1), np.float64(-0.1)]
	Done: False
	Accumulated Rew: ['-1.7', '-1.7']
	Team Reward (cumulative): 0.0
	Battery: [5, 5]
Step 9:
	Obs: (array([4., 4., 0., 0., 0., 1., 0., 1., 0., 1., 0., 0., 0., 0., 0., 0., 1.,
       0., 0., 0., 1., 0., 0., 1., 0., 0., 0., 1., 0., 0., 1., 0., 0., 0.,
       0., 0., 0., 1., 0., 0., 0., 0., 0., 0., 1., 0., 0., 0., 0., 0., 0.,
       1., 0., 0., 0., 0., 0., 0., 1., 0., 0., 0., 0., 0., 0., 1., 0., 0.,
       0., 0., 0.], dtype=float32), array([3., 4., 0., 0., 0., 0., 1., 1., 0., 1., 0., 0., 0., 1., 0., 0., 1.,
       0., 0., 0., 0., 0., 0., 1., 0., 0., 0., 1., 0., 0., 1., 0., 0., 0.,
       0., 0., 0., 1., 0., 0., 0., 0., 0., 0., 1., 0., 0., 0., 0., 0., 0.,
       1., 0., 0., 0., 1., 0., 0., 1., 0., 0., 0., 0., 0., 0., 1., 0., 0.,
       0., 0., 0.], dtype=float32))
	Rew: [np.float64(-0.1), np.float64(-0.1)]
	Done: False
	Accumulated Rew: ['-1.8', '-1.8']
	Team Reward (cumulative): 0.0
	Battery: [5, 4]
Step 10:
	Obs: (array([4., 4., 0., 0., 1., 0., 0., 1., 0., 1., 0., 0., 0., 0., 0., 0., 1.,
       0., 0., 0., 1., 0., 0., 1., 0., 0., 0., 1., 0., 0., 1., 0., 0., 0.,
       0., 0., 0., 1., 0., 0., 0., 0., 0., 0., 1., 0., 0., 0., 0., 0., 0.,
       1., 0., 0., 0., 0., 0., 0., 1., 0., 0., 0., 0., 0., 0., 1., 0., 0.,
       0., 0., 0.], dtype=float32), array([3., 4., 0., 0., 1., 0., 0., 1., 0., 1., 0., 0., 0., 1., 0., 0., 1.,
       0., 0., 0., 0., 0., 0., 1., 0., 0., 0., 1., 0., 0., 1., 0., 0., 0.,
       0., 0., 0., 1., 0., 0., 0., 0., 0., 0., 1., 0., 0., 0., 0., 0., 0.,
       1., 0., 0., 0., 1., 0., 0., 1., 0., 0., 0., 0., 0., 0., 1., 0., 0.,
       0., 0., 0.], dtype=float32))
	Rew: [np.float64(-0.1), np.float64(-0.1)]
	Done: False
	Accumulated Rew: ['-1.9', '-1.9']
	Team Reward (cumulative): 0.0
	Battery: [6, 4]
Step 11:
	Obs: (array([4., 5., 0., 0., 1., 0., 0., 1., 0., 1., 0., 0., 0., 0., 0., 0., 1.,
       0., 0., 0., 0., 0., 0., 1., 0., 0., 0., 0., 0., 0., 1., 0., 0., 0.,
       0., 0., 0., 1., 0., 0., 0., 0., 0., 0., 1., 0., 0., 0., 0., 0., 0.,
       1., 0., 0., 0., 0., 0., 0., 1., 0., 0., 0., 0., 0., 0., 1., 0., 0.,
       0., 0., 0.], dtype=float32), array([3., 5., 0., 0., 1., 0., 0., 1., 0., 1., 0., 0., 0., 0., 0., 0., 1.,
       0., 0., 0., 0., 0., 0., 1., 0., 0., 0., 0., 0., 0., 1., 0., 0., 0.,
       1., 0., 0., 1., 0., 0., 0., 0., 0., 0., 1., 0., 0., 0., 0., 0., 0.,
       1., 0., 0., 0., 1., 0., 0., 1., 0., 0., 0., 0., 0., 0., 1., 0., 0.,
       0., 0., 0.], dtype=float32))
	Rew: [np.float64(-0.1), np.float64(-0.1)]
	Done: False
	Accumulated Rew: ['-2.0', '-2.0']
	Team Reward (cumulative): 0.0
	Battery: [6, 3]
Step 12:
	Obs: (array([4., 6., 0., 0., 1., 0., 0., 1., 0., 1., 0., 0., 0., 0., 0., 0., 1.,
       0., 0., 0., 0., 0., 0., 1., 0., 0., 0., 0., 0., 0., 1., 0., 0., 0.,
       0., 0., 0., 1., 0., 0., 0., 0., 0., 0., 1., 0., 0., 0., 0., 0., 0.,
       1., 0., 0., 0., 0., 0., 0., 1., 0., 0., 0., 0., 0., 0., 1., 0., 0.,
       0., 0., 0.], dtype=float32), array([3., 6., 0., 0., 1., 0., 0., 1., 0., 1., 0., 0., 0., 1., 0., 0., 1.,
       0., 0., 0., 0., 0., 0., 1., 0., 0., 0., 0., 0., 0., 1., 0., 0., 0.,
       1., 0., 0., 1., 0., 0., 0., 0., 0., 0., 1., 0., 0., 0., 0., 0., 0.,
       1., 0., 0., 0., 1., 0., 0., 1., 0., 0., 0., 0., 0., 0., 1., 0., 0.,
       0., 0., 0.], dtype=float32))
	Rew: [np.float64(-0.1), np.float64(-0.1)]
	Done: False
	Accumulated Rew: ['-2.1', '-2.1']
	Team Reward (cumulative): 0.0
	Battery: [5, 2]
Step 13:
	Obs: (array([4., 7., 0., 0., 1., 0., 0., 1., 0., 1., 0., 0., 0., 0., 0., 0., 1.,
       0., 0., 0., 0., 0., 0., 1., 0., 0., 0., 0., 0., 0., 1., 0., 0., 0.,
       0., 0., 0., 1., 0., 0., 0., 0., 0., 0., 1., 0., 0., 0., 0., 0., 0.,
       1., 0., 0., 0., 0., 0., 0., 1., 0., 0., 0., 0., 0., 0., 1., 0., 0.,
       0., 0., 0.], dtype=float32), array([3., 7., 0., 0., 1., 0., 0., 1., 0., 1., 0., 0., 0., 1., 0., 0., 1.,
       0., 0., 0., 0., 0., 0., 1., 0., 0., 0., 0., 0., 0., 1., 0., 0., 0.,
       1., 0., 0., 1., 0., 0., 0., 0., 0., 0., 1., 0., 0., 0., 0., 0., 0.,
       1., 0., 0., 0., 0., 0., 0., 1., 0., 0., 0., 0., 0., 0., 1., 0., 0.,
       0., 0., 0.], dtype=float32))
	Rew: [np.float64(-0.1), np.float64(-0.1)]
	Done: False
	Accumulated Rew: ['-2.2', '-2.2']
	Team Reward (cumulative): 0.0
	Battery: [4, 1]
Step 14:
	Obs: (array([4., 8., 0., 0., 1., 0., 0., 1., 0., 1., 0., 0., 0., 0., 0., 0., 1.,
       0., 0., 0., 0., 0., 0., 1., 0., 0., 0., 0., 0., 0., 1., 0., 0., 0.,
       0., 0., 0., 1., 0., 0., 0., 0., 0., 0., 1., 0., 0., 0., 0., 0., 0.,
       1., 0., 0., 0., 0., 0., 0., 1., 0., 0., 0., 0., 0., 0., 1., 0., 0.,
       0., 0., 0.], dtype=float32), array([3., 8., 0., 0., 1., 0., 0., 1., 0., 1., 0., 0., 0., 1., 0., 0., 1.,
       0., 0., 0., 0., 0., 0., 1., 0., 0., 0., 0., 0., 0., 1., 0., 0., 0.,
       0., 0., 0., 1., 0., 0., 0., 0., 0., 0., 1., 0., 0., 0., 0., 0., 0.,
       1., 0., 0., 0., 0., 0., 0., 1., 0., 0., 0., 0., 0., 0., 1., 0., 0.,
       0., 0., 0.], dtype=float32))
	Rew: [np.float64(-0.1), np.float64(-0.1)]
	Done: False
	Accumulated Rew: ['-2.3', '-2.3']
	Team Reward (cumulative): 0.0
	Battery: [3, 0]
Step 15:
	Obs: (array([4., 9., 0., 0., 1., 0., 0., 1., 0., 1., 0., 0., 0., 0., 0., 0., 1.,
       0., 0., 0., 0., 0., 0., 1., 0., 0., 0., 0., 0., 0., 1., 0., 0., 0.,
       0., 0., 0., 1., 0., 0., 0., 0., 0., 0., 1., 0., 0., 0., 0., 0., 0.,
       1., 0., 0., 0., 0., 0., 0., 1., 0., 0., 0., 0., 0., 0., 1., 0., 0.,
       0., 0., 0.], dtype=float32), array([3., 8., 0., 0., 0., 1., 0., 1., 0., 1., 0., 0., 0., 1., 0., 0., 1.,
       0., 0., 0., 0., 0., 0., 1., 0., 0., 0., 0., 0., 0., 1., 0., 0., 0.,
       0., 0., 0., 1., 0., 0., 0., 0., 0., 0., 1., 0., 0., 0., 0., 0., 0.,
       1., 0., 0., 0., 0., 0., 0., 1., 0., 0., 0., 0., 0., 0., 1., 0., 0.,
       0., 0., 0.], dtype=float32))
	Rew: [np.float64(10.0), np.float64(-0.1)]
	Done: False
	Accumulated Rew: ['7.7', '-2.4']
	Team Reward (cumulative): 0.0
	Battery: [2, 0]
Step 16:
	Obs: (array([4., 9., 0., 0., 1., 0., 0., 1., 0., 1., 0., 0., 0., 0., 0., 0., 1.,
       0., 0., 0., 0., 0., 0., 1., 0., 0., 0., 0., 0., 0., 1., 0., 0., 0.,
       0., 0., 0., 1., 0., 0., 0., 0., 0., 0., 1., 0., 0., 0., 0., 0., 0.,
       1., 0., 0., 0., 0., 0., 0., 1., 0., 0., 0., 0., 0., 0., 1., 0., 0.,
       0., 0., 0.], dtype=float32), array([3., 8., 0., 1., 0., 0., 0., 1., 0., 1., 0., 0., 0., 1., 0., 0., 1.,
       0., 0., 0., 0., 0., 0., 1., 0., 0., 0., 0., 0., 0., 1., 0., 0., 0.,
       0., 0., 0., 1., 0., 0., 0., 0., 0., 0., 1., 0., 0., 0., 0., 0., 0.,
       1., 0., 0., 0., 0., 0., 0., 1., 0., 0., 0., 0., 0., 0., 1., 0., 0.,
       0., 0., 0.], dtype=float32))
	Rew: [np.float64(0.0), np.float64(-0.1)]
	Done: False
	Accumulated Rew: ['7.7', '-2.5']
	Team Reward (cumulative): 0.0
	Battery: [2, 0]
Step 17:
	Obs: (array([4., 9., 0., 0., 1., 0., 0., 1., 0., 1., 0., 0., 0., 0., 0., 0., 1.,
       0., 0., 0., 0., 0., 0., 1., 0., 0., 0., 0., 0., 0., 1., 0., 0., 0.,
       0., 0., 0., 1., 0., 0., 0., 0., 0., 0., 1., 0., 0., 0., 0., 0., 0.,
       1., 0., 0., 0., 0., 0., 0., 1., 0., 0., 0., 0., 0., 0., 1., 0., 0.,
       0., 0., 0.], dtype=float32), array([3., 8., 0., 0., 0., 0., 1., 1., 0., 1., 0., 0., 0., 1., 0., 0., 1.,
       0., 0., 0., 0., 0., 0., 1., 0., 0., 0., 0., 0., 0., 1., 0., 0., 0.,
       0., 0., 0., 1., 0., 0., 0., 0., 0., 0., 1., 0., 0., 0., 0., 0., 0.,
       1., 0., 0., 0., 0., 0., 0., 1., 0., 0., 0., 0., 0., 0., 1., 0., 0.,
       0., 0., 0.], dtype=float32))
	Rew: [np.float64(0.0), np.float64(-0.1)]
	Done: False
	Accumulated Rew: ['7.7', '-2.6']
	Team Reward (cumulative): 0.0
	Battery: [2, 0]
Step 18:
	Obs: (array([4., 9., 0., 0., 1., 0., 0., 1., 0., 1., 0., 0., 0., 0., 0., 0., 1.,
       0., 0., 0., 0., 0., 0., 1., 0., 0., 0., 0., 0., 0., 1., 0., 0., 0.,
       0., 0., 0., 1., 0., 0., 0., 0., 0., 0., 1., 0., 0., 0., 0., 0., 0.,
       1., 0., 0., 0., 0., 0., 0., 1., 0., 0., 0., 0., 0., 0., 1., 0., 0.,
       0., 0., 0.], dtype=float32), array([4., 8., 0., 0., 0., 0., 1., 1., 0., 1., 0., 0., 0., 0., 0., 0., 1.,
       0., 0., 0., 0., 0., 0., 1., 0., 0., 0., 0., 0., 0., 1., 0., 0., 0.,
       0., 0., 0., 1., 0., 0., 0., 0., 0., 0., 1., 0., 0., 0., 0., 0., 0.,
       1., 0., 0., 0., 0., 0., 0., 1., 0., 0., 0., 0., 0., 0., 1., 0., 0.,
       0., 0., 0.], dtype=float32))
	Rew: [np.float64(0.0), np.float64(-0.1)]
	Done: False
	Accumulated Rew: ['7.7', '-2.7']
	Team Reward (cumulative): 0.0
	Battery: [2, -1]
Step 19:
	Obs: (array([4., 9., 0., 0., 1., 0., 0., 1., 0., 1., 0., 0., 0., 0., 0., 0., 1.,
       0., 0., 0., 0., 0., 0., 1., 0., 0., 0., 0., 0., 0., 1., 0., 0., 0.,
       0., 0., 0., 1., 0., 0., 0., 0., 0., 0., 1., 0., 0., 0., 0., 0., 0.,
       1., 0., 0., 0., 0., 0., 0., 1., 0., 0., 0., 0., 0., 0., 1., 0., 0.,
       0., 0., 0.], dtype=float32), array([4., 8., 0., 1., 0., 0., 0., 1., 0., 1., 0., 0., 0., 0., 0., 0., 1.,
       0., 0., 0., 0., 0., 0., 1., 0., 0., 0., 0., 0., 0., 1., 0., 0., 0.,
       0., 0., 0., 1., 0., 0., 0., 0., 0., 0., 1., 0., 0., 0., 0., 0., 0.,
       1., 0., 0., 0., 0., 0., 0., 1., 0., 0., 0., 0., 0., 0., 1., 0., 0.,
       0., 0., 0.], dtype=float32))
	Rew: [np.float64(0.0), np.float64(-0.1)]
	Done: False
	Accumulated Rew: ['7.7', '-2.8']
	Team Reward (cumulative): 0.0
	Battery: [2, -1]
Step 20:
	Obs: (array([4., 9., 0., 0., 1., 0., 0., 1., 0., 1., 0., 0., 0., 0., 0., 0., 1.,
       0., 0., 0., 0., 0., 0., 1., 0., 0., 0., 0., 0., 0., 1., 0., 0., 0.,
       0., 0., 0., 1., 0., 0., 0., 0., 0., 0., 1., 0., 0., 0., 0., 0., 0.,
       1., 0., 0., 0., 0., 0., 0., 1., 0., 0., 0., 0., 0., 0., 1., 0., 0.,
       0., 0., 0.], dtype=float32), array([4., 7., 0., 1., 0., 0., 0., 1., 0., 1., 0., 0., 0., 0., 0., 0., 1.,
       0., 0., 0., 0., 0., 0., 1., 0., 0., 0., 0., 0., 0., 1., 0., 0., 0.,
       0., 0., 0., 1., 0., 0., 0., 0., 0., 0., 1., 0., 0., 0., 0., 0., 0.,
       1., 0., 0., 0., 0., 0., 0., 1., 0., 0., 0., 0., 0., 0., 1., 0., 0.,
       0., 0., 0.], dtype=float32))
	Rew: [np.float64(0.0), np.float64(-0.1)]
	Done: False
	Accumulated Rew: ['7.7', '-2.9']
	Team Reward (cumulative): 0.0
	Battery: [2, -2]
Step 21:
	Obs: (array([4., 9., 0., 0., 1., 0., 0., 1., 0., 1., 0., 0., 0., 0., 0., 0., 1.,
       0., 0., 0., 0., 0., 0., 1., 0., 0., 0., 0., 0., 0., 1., 0., 0., 0.,
       0., 0., 0., 1., 0., 0., 0., 0., 0., 0., 1., 0., 0., 0., 0., 0., 0.,
       1., 0., 0., 0., 0., 0., 0., 1., 0., 0., 0., 0., 0., 0., 1., 0., 0.,
       0., 0., 0.], dtype=float32), array([4., 6., 0., 1., 0., 0., 0., 1., 0., 1., 0., 0., 0., 0., 0., 0., 1.,
       0., 0., 0., 0., 0., 0., 1., 0., 0., 0., 0., 0., 0., 1., 0., 0., 0.,
       0., 0., 0., 1., 0., 0., 0., 0., 0., 0., 1., 0., 0., 0., 0., 0., 0.,
       1., 0., 0., 0., 0., 0., 0., 1., 0., 0., 0., 0., 0., 0., 1., 0., 0.,
       0., 0., 0.], dtype=float32))
	Rew: [np.float64(0.0), np.float64(-0.1)]
	Done: False
	Accumulated Rew: ['7.7', '-3.0']
	Team Reward (cumulative): 0.0
	Battery: [2, -3]
Step 22:
	Obs: (array([4., 9., 0., 0., 1., 0., 0., 1., 0., 1., 0., 0., 0., 0., 0., 0., 1.,
       0., 0., 0., 0., 0., 0., 1., 0., 0., 0., 0., 0., 0., 1., 0., 0., 0.,
       0., 0., 0., 1., 0., 0., 0., 0., 0., 0., 1., 0., 0., 0., 0., 0., 0.,
       1., 0., 0., 0., 0., 0., 0., 1., 0., 0., 0., 0., 0., 0., 1., 0., 0.,
       0., 0., 0.], dtype=float32), array([4., 5., 0., 1., 0., 0., 0., 1., 0., 1., 0., 0., 0., 0., 0., 0., 1.,
       0., 0., 0., 0., 0., 0., 1., 0., 0., 0., 0., 0., 0., 1., 0., 0., 0.,
       0., 0., 0., 1., 0., 0., 0., 0., 0., 0., 1., 0., 0., 0., 0., 0., 0.,
       1., 0., 0., 0., 0., 0., 0., 1., 0., 0., 0., 0., 0., 0., 1., 0., 0.,
       0., 0., 0.], dtype=float32))
	Rew: [np.float64(0.0), np.float64(-0.1)]
	Done: False
	Accumulated Rew: ['7.7', '-3.1']
	Team Reward (cumulative): 0.0
	Battery: [2, -4]
Step 23:
	Obs: (array([4., 9., 0., 0., 1., 0., 0., 1., 0., 1., 0., 0., 0., 0., 0., 0., 1.,
       0., 0., 0., 0., 0., 0., 1., 0., 0., 0., 0., 0., 0., 1., 0., 0., 0.,
       0., 0., 0., 1., 0., 0., 0., 0., 0., 0., 1., 0., 0., 0., 0., 0., 0.,
       1., 0., 0., 0., 0., 0., 0., 1., 0., 0., 0., 0., 0., 0., 1., 0., 0.,
       0., 0., 0.], dtype=float32), array([4., 4., 0., 1., 0., 0., 0., 1., 0., 1., 0., 0., 0., 0., 0., 0., 1.,
       0., 0., 0., 1., 0., 0., 1., 0., 0., 0., 1., 0., 0., 1., 0., 0., 0.,
       0., 0., 0., 1., 0., 0., 0., 0., 0., 0., 1., 0., 0., 0., 0., 0., 0.,
       1., 0., 0., 0., 0., 0., 0., 1., 0., 0., 0., 0., 0., 0., 1., 0., 0.,
       0., 0., 0.], dtype=float32))
	Rew: [np.float64(0.0), np.float64(-0.1)]
	Done: False
	Accumulated Rew: ['7.7', '-3.2']
	Team Reward (cumulative): 0.0
	Battery: [2, -5]
Step 24:
	Obs: (array([4., 9., 0., 0., 1., 0., 0., 1., 0., 1., 0., 0., 0., 0., 0., 0., 1.,
       0., 0., 0., 0., 0., 0., 1., 0., 0., 0., 0., 0., 0., 1., 0., 0., 0.,
       0., 0., 0., 1., 0., 0., 0., 0., 0., 0., 1., 0., 0., 0., 0., 0., 0.,
       1., 0., 0., 0., 0., 0., 0., 1., 0., 0., 0., 0., 0., 0., 1., 0., 0.,
       0., 0., 0.], dtype=float32), array([4., 4., 0., 1., 0., 0., 0., 1., 0., 1., 0., 0., 0., 0., 0., 0., 1.,
       0., 0., 0., 1., 0., 0., 1., 0., 0., 0., 1., 0., 0., 1., 0., 0., 0.,
       0., 0., 0., 1., 0., 0., 0., 0., 0., 0., 1., 0., 0., 0., 0., 0., 0.,
       1., 0., 0., 0., 0., 0., 0., 1., 0., 0., 0., 0., 0., 0., 1., 0., 0.,
       0., 0., 0.], dtype=float32))
	Rew: [np.float64(0.0), np.float64(-0.1)]
	Done: False
	Accumulated Rew: ['7.7', '-3.3']
	Team Reward (cumulative): 0.0
	Battery: [2, -4]
Step 25:
	Obs: (array([4., 9., 0., 0., 1., 0., 0., 1., 0., 1., 0., 0., 0., 0., 0., 0., 1.,
       0., 0., 0., 0., 0., 0., 1., 0., 0., 0., 0., 0., 0., 1., 0., 0., 0.,
       0., 0., 0., 1., 0., 0., 0., 0., 0., 0., 1., 0., 0., 0., 0., 0., 0.,
       1., 0., 0., 0., 0., 0., 0., 1., 0., 0., 0., 0., 0., 0., 1., 0., 0.,
       0., 0., 0.], dtype=float32), array([4., 4., 0., 1., 0., 0., 0., 1., 0., 1., 0., 0., 0., 0., 0., 0., 1.,
       0., 0., 0., 1., 0., 0., 1., 0., 0., 0., 1., 0., 0., 1., 0., 0., 0.,
       0., 0., 0., 1., 0., 0., 0., 0., 0., 0., 1., 0., 0., 0., 0., 0., 0.,
       1., 0., 0., 0., 0., 0., 0., 1., 0., 0., 0., 0., 0., 0., 1., 0., 0.,
       0., 0., 0.], dtype=float32))
	Rew: [np.float64(0.0), np.float64(-0.1)]
	Done: False
	Accumulated Rew: ['7.7', '-3.4']
	Team Reward (cumulative): 0.0
	Battery: [2, -3]
Step 26:
	Obs: (array([4., 9., 0., 0., 1., 0., 0., 1., 0., 1., 0., 0., 0., 0., 0., 0., 1.,
       0., 0., 0., 0., 0., 0., 1., 0., 0., 0., 0., 0., 0., 1., 0., 0., 0.,
       0., 0., 0., 1., 0., 0., 0., 0., 0., 0., 1., 0., 0., 0., 0., 0., 0.,
       1., 0., 0., 0., 0., 0., 0., 1., 0., 0., 0., 0., 0., 0., 1., 0., 0.,
       0., 0., 0.], dtype=float32), array([4., 4., 0., 1., 0., 0., 0., 1., 0., 1., 0., 0., 0., 0., 0., 0., 1.,
       0., 0., 0., 1., 0., 0., 1., 0., 0., 0., 1., 0., 0., 1., 0., 0., 0.,
       0., 0., 0., 1., 0., 0., 0., 0., 0., 0., 1., 0., 0., 0., 0., 0., 0.,
       1., 0., 0., 0., 0., 0., 0., 1., 0., 0., 0., 0., 0., 0., 1., 0., 0.,
       0., 0., 0.], dtype=float32))
	Rew: [np.float64(0.0), np.float64(-0.1)]
	Done: False
	Accumulated Rew: ['7.7', '-3.5']
	Team Reward (cumulative): 0.0
	Battery: [2, -2]
Step 27:
	Obs: (array([4., 9., 0., 0., 1., 0., 0., 1., 0., 1., 0., 0., 0., 0., 0., 0., 1.,
       0., 0., 0., 0., 0., 0., 1., 0., 0., 0., 0., 0., 0., 1., 0., 0., 0.,
       0., 0., 0., 1., 0., 0., 0., 0., 0., 0., 1., 0., 0., 0., 0., 0., 0.,
       1., 0., 0., 0., 0., 0., 0., 1., 0., 0., 0., 0., 0., 0., 1., 0., 0.,
       0., 0., 0.], dtype=float32), array([4., 4., 0., 1., 0., 0., 0., 1., 0., 1., 0., 0., 0., 0., 0., 0., 1.,
       0., 0., 0., 1., 0., 0., 1., 0., 0., 0., 1., 0., 0., 1., 0., 0., 0.,
       0., 0., 0., 1., 0., 0., 0., 0., 0., 0., 1., 0., 0., 0., 0., 0., 0.,
       1., 0., 0., 0., 0., 0., 0., 1., 0., 0., 0., 0., 0., 0., 1., 0., 0.,
       0., 0., 0.], dtype=float32))
	Rew: [np.float64(0.0), np.float64(-0.1)]
	Done: False
	Accumulated Rew: ['7.7', '-3.6']
	Team Reward (cumulative): 0.0
	Battery: [2, -1]
Step 28:
	Obs: (array([4., 9., 0., 0., 1., 0., 0., 1., 0., 1., 0., 0., 0., 0., 0., 0., 1.,
       0., 0., 0., 0., 0., 0., 1., 0., 0., 0., 0., 0., 0., 1., 0., 0., 0.,
       0., 0., 0., 1., 0., 0., 0., 0., 0., 0., 1., 0., 0., 0., 0., 0., 0.,
       1., 0., 0., 0., 0., 0., 0., 1., 0., 0., 0., 0., 0., 0., 1., 0., 0.,
       0., 0., 0.], dtype=float32), array([4., 4., 0., 1., 0., 0., 0., 1., 0., 1., 0., 0., 0., 0., 0., 0., 1.,
       0., 0., 0., 1., 0., 0., 1., 0., 0., 0., 1., 0., 0., 1., 0., 0., 0.,
       0., 0., 0., 1., 0., 0., 0., 0., 0., 0., 1., 0., 0., 0., 0., 0., 0.,
       1., 0., 0., 0., 0., 0., 0., 1., 0., 0., 0., 0., 0., 0., 1., 0., 0.,
       0., 0., 0.], dtype=float32))
	Rew: [np.float64(0.0), np.float64(-0.1)]
	Done: False
	Accumulated Rew: ['7.7', '-3.7']
	Team Reward (cumulative): 0.0
	Battery: [2, 0]
Step 29:
	Obs: (array([4., 9., 0., 0., 1., 0., 0., 1., 0., 1., 0., 0., 0., 0., 0., 0., 1.,
       0., 0., 0., 0., 0., 0., 1., 0., 0., 0., 0., 0., 0., 1., 0., 0., 0.,
       0., 0., 0., 1., 0., 0., 0., 0., 0., 0., 1., 0., 0., 0., 0., 0., 0.,
       1., 0., 0., 0., 0., 0., 0., 1., 0., 0., 0., 0., 0., 0., 1., 0., 0.,
       0., 0., 0.], dtype=float32), array([4., 4., 0., 1., 0., 0., 0., 1., 0., 1., 0., 0., 0., 0., 0., 0., 1.,
       0., 0., 0., 1., 0., 0., 1., 0., 0., 0., 1., 0., 0., 1., 0., 0., 0.,
       0., 0., 0., 1., 0., 0., 0., 0., 0., 0., 1., 0., 0., 0., 0., 0., 0.,
       1., 0., 0., 0., 0., 0., 0., 1., 0., 0., 0., 0., 0., 0., 1., 0., 0.,
       0., 0., 0.], dtype=float32))
	Rew: [np.float64(0.0), np.float64(-0.1)]
	Done: False
	Accumulated Rew: ['7.7', '-3.8']
	Team Reward (cumulative): 0.0
	Battery: [2, 1]
Step 30:
	Obs: (array([4., 9., 0., 0., 1., 0., 0., 1., 0., 1., 0., 0., 0., 0., 0., 0., 1.,
       0., 0., 0., 0., 0., 0., 1., 0., 0., 0., 0., 0., 0., 1., 0., 0., 0.,
       0., 0., 0., 1., 0., 0., 0., 0., 0., 0., 1., 0., 0., 0., 0., 0., 0.,
       1., 0., 0., 0., 0., 0., 0., 1., 0., 0., 0., 0., 0., 0., 1., 0., 0.,
       0., 0., 0.], dtype=float32), array([4., 4., 0., 1., 0., 0., 0., 1., 0., 1., 0., 0., 0., 0., 0., 0., 1.,
       0., 0., 0., 1., 0., 0., 1., 0., 0., 0., 1., 0., 0., 1., 0., 0., 0.,
       0., 0., 0., 1., 0., 0., 0., 0., 0., 0., 1., 0., 0., 0., 0., 0., 0.,
       1., 0., 0., 0., 0., 0., 0., 1., 0., 0., 0., 0., 0., 0., 1., 0., 0.,
       0., 0., 0.], dtype=float32))
	Rew: [np.float64(0.0), np.float64(-0.1)]
	Done: False
	Accumulated Rew: ['7.7', '-3.9']
	Team Reward (cumulative): 0.0
	Battery: [2, 2]
Step 31:
	Obs: (array([4., 9., 0., 0., 1., 0., 0., 1., 0., 1., 0., 0., 0., 0., 0., 0., 1.,
       0., 0., 0., 0., 0., 0., 1., 0., 0., 0., 0., 0., 0., 1., 0., 0., 0.,
       0., 0., 0., 1., 0., 0., 0., 0., 0., 0., 1., 0., 0., 0., 0., 0., 0.,
       1., 0., 0., 0., 0., 0., 0., 1., 0., 0., 0., 0., 0., 0., 1., 0., 0.,
       0., 0., 0.], dtype=float32), array([4., 4., 0., 1., 0., 0., 0., 1., 0., 1., 0., 0., 0., 0., 0., 0., 1.,
       0., 0., 0., 1., 0., 0., 1., 0., 0., 0., 1., 0., 0., 1., 0., 0., 0.,
       0., 0., 0., 1., 0., 0., 0., 0., 0., 0., 1., 0., 0., 0., 0., 0., 0.,
       1., 0., 0., 0., 0., 0., 0., 1., 0., 0., 0., 0., 0., 0., 1., 0., 0.,
       0., 0., 0.], dtype=float32))
	Rew: [np.float64(0.0), np.float64(-0.1)]
	Done: False
	Accumulated Rew: ['7.7', '-4.0']
	Team Reward (cumulative): 0.0
	Battery: [2, 3]
Step 32:
	Obs: (array([4., 9., 0., 0., 1., 0., 0., 1., 0., 1., 0., 0., 0., 0., 0., 0., 1.,
       0., 0., 0., 0., 0., 0., 1., 0., 0., 0., 0., 0., 0., 1., 0., 0., 0.,
       0., 0., 0., 1., 0., 0., 0., 0., 0., 0., 1., 0., 0., 0., 0., 0., 0.,
       1., 0., 0., 0., 0., 0., 0., 1., 0., 0., 0., 0., 0., 0., 1., 0., 0.,
       0., 0., 0.], dtype=float32), array([4., 4., 0., 1., 0., 0., 0., 1., 0., 1., 0., 0., 0., 0., 0., 0., 1.,
       0., 0., 0., 1., 0., 0., 1., 0., 0., 0., 1., 0., 0., 1., 0., 0., 0.,
       0., 0., 0., 1., 0., 0., 0., 0., 0., 0., 1., 0., 0., 0., 0., 0., 0.,
       1., 0., 0., 0., 0., 0., 0., 1., 0., 0., 0., 0., 0., 0., 1., 0., 0.,
       0., 0., 0.], dtype=float32))
	Rew: [np.float64(0.0), np.float64(-0.1)]
	Done: False
	Accumulated Rew: ['7.7', '-4.1']
	Team Reward (cumulative): 0.0
	Battery: [2, 4]
Step 33:
	Obs: (array([4., 9., 0., 0., 1., 0., 0., 1., 0., 1., 0., 0., 0., 0., 0., 0., 1.,
       0., 0., 0., 0., 0., 0., 1., 0., 0., 0., 0., 0., 0., 1., 0., 0., 0.,
       0., 0., 0., 1., 0., 0., 0., 0., 0., 0., 1., 0., 0., 0., 0., 0., 0.,
       1., 0., 0., 0., 0., 0., 0., 1., 0., 0., 0., 0., 0., 0., 1., 0., 0.,
       0., 0., 0.], dtype=float32), array([4., 4., 0., 1., 0., 0., 0., 1., 0., 1., 0., 0., 0., 0., 0., 0., 1.,
       0., 0., 0., 1., 0., 0., 1., 0., 0., 0., 1., 0., 0., 1., 0., 0., 0.,
       0., 0., 0., 1., 0., 0., 0., 0., 0., 0., 1., 0., 0., 0., 0., 0., 0.,
       1., 0., 0., 0., 0., 0., 0., 1., 0., 0., 0., 0., 0., 0., 1., 0., 0.,
       0., 0., 0.], dtype=float32))
	Rew: [np.float64(0.0), np.float64(-0.1)]
	Done: False
	Accumulated Rew: ['7.7', '-4.2']
	Team Reward (cumulative): 0.0
	Battery: [2, 5]
Step 34:
	Obs: (array([4., 9., 0., 0., 1., 0., 0., 1., 0., 1., 0., 0., 0., 0., 0., 0., 1.,
       0., 0., 0., 0., 0., 0., 1., 0., 0., 0., 0., 0., 0., 1., 0., 0., 0.,
       0., 0., 0., 1., 0., 0., 0., 0., 0., 0., 1., 0., 0., 0., 0., 0., 0.,
       1., 0., 0., 0., 0., 0., 0., 1., 0., 0., 0., 0., 0., 0., 1., 0., 0.,
       0., 0., 0.], dtype=float32), array([4., 4., 0., 1., 0., 0., 0., 1., 0., 1., 0., 0., 0., 0., 0., 0., 1.,
       0., 0., 0., 1., 0., 0., 1., 0., 0., 0., 1., 0., 0., 1., 0., 0., 0.,
       0., 0., 0., 1., 0., 0., 0., 0., 0., 0., 1., 0., 0., 0., 0., 0., 0.,
       1., 0., 0., 0., 0., 0., 0., 1., 0., 0., 0., 0., 0., 0., 1., 0., 0.,
       0., 0., 0.], dtype=float32))
	Rew: [np.float64(0.0), np.float64(-0.1)]
	Done: False
	Accumulated Rew: ['7.7', '-4.3']
	Team Reward (cumulative): 0.0
	Battery: [2, 6]
Step 35:
	Obs: (array([4., 9., 0., 0., 1., 0., 0., 1., 0., 1., 0., 0., 0., 0., 0., 0., 1.,
       0., 0., 0., 0., 0., 0., 1., 0., 0., 0., 0., 0., 0., 1., 0., 0., 0.,
       0., 0., 0., 1., 0., 0., 0., 0., 0., 0., 1., 0., 0., 0., 0., 0., 0.,
       1., 0., 0., 0., 0., 0., 0., 1., 0., 0., 0., 0., 0., 0., 1., 0., 0.,
       0., 0., 0.], dtype=float32), array([4., 4., 0., 1., 0., 0., 0., 1., 0., 1., 0., 0., 0., 0., 0., 0., 1.,
       0., 0., 0., 1., 0., 0., 1., 0., 0., 0., 1., 0., 0., 1., 0., 0., 0.,
       0., 0., 0., 1., 0., 0., 0., 0., 0., 0., 1., 0., 0., 0., 0., 0., 0.,
       1., 0., 0., 0., 0., 0., 0., 1., 0., 0., 0., 0., 0., 0., 1., 0., 0.,
       0., 0., 0.], dtype=float32))
	Rew: [np.float64(0.0), np.float64(-0.1)]
	Done: False
	Accumulated Rew: ['7.7', '-4.4']
	Team Reward (cumulative): 0.0
	Battery: [2, 7]
Step 36:
	Obs: (array([4., 9., 0., 0., 1., 0., 0., 1., 0., 1., 0., 0., 0., 0., 0., 0., 1.,
       0., 0., 0., 0., 0., 0., 1., 0., 0., 0., 0., 0., 0., 1., 0., 0., 0.,
       0., 0., 0., 1., 0., 0., 0., 0., 0., 0., 1., 0., 0., 0., 0., 0., 0.,
       1., 0., 0., 0., 0., 0., 0., 1., 0., 0., 0., 0., 0., 0., 1., 0., 0.,
       0., 0., 0.], dtype=float32), array([4., 4., 0., 1., 0., 0., 0., 1., 0., 1., 0., 0., 0., 0., 0., 0., 1.,
       0., 0., 0., 1., 0., 0., 1., 0., 0., 0., 1., 0., 0., 1., 0., 0., 0.,
       0., 0., 0., 1., 0., 0., 0., 0., 0., 0., 1., 0., 0., 0., 0., 0., 0.,
       1., 0., 0., 0., 0., 0., 0., 1., 0., 0., 0., 0., 0., 0., 1., 0., 0.,
       0., 0., 0.], dtype=float32))
	Rew: [np.float64(0.0), np.float64(-0.1)]
	Done: False
	Accumulated Rew: ['7.7', '-4.5']
	Team Reward (cumulative): 0.0
	Battery: [2, 8]
