Episode 1, Step 1, Global Step 1:
	Obs: (array([4., 5., 0., 0., 1., 0., 0., 1., 0., 1., 0., 0., 0., 0., 0., 0., 1.,
       0., 0., 0., 0., 0., 0., 1., 0., 0., 0., 0., 0., 0., 1., 0., 0., 0.,
       0., 0., 1., 0., 1., 0., 0., 0., 0., 0., 1., 0., 0., 0., 0., 0., 0.,
       1., 0., 0., 0., 0., 0., 0., 1., 0., 0., 0., 0., 0., 0., 1., 0., 0.,
       0., 0., 0.], dtype=float32), array([5., 1., 0., 0., 0., 1., 0., 0., 0., 1., 0., 0., 0., 0., 0., 0., 1.,
       0., 0., 0., 0., 0., 0., 1., 0., 0., 0., 0., 0., 0., 1., 0., 0., 0.,
       1., 0., 1., 0., 0., 1., 0., 1., 0., 0., 1., 0., 0., 0., 0., 0., 0.,
       1., 0., 0., 0., 1., 0., 0., 1., 0., 0., 0., 1., 0., 0., 1., 0., 0.,
       0., 0., 0.], dtype=float32), array([0., 6., 0., 0., 1., 0., 0., 1., 0., 1., 0., 0., 0., 0., 0., 1., 0.,
       1., 0., 0., 0., 0., 0., 1., 0., 0., 0., 1., 0., 0., 1., 0., 0., 0.,
       0., 0., 0., 1., 0., 0., 0., 0., 0., 0., 1., 0., 0., 0., 1., 0., 0.,
       1., 0., 0., 0., 0., 0., 0., 1., 0., 0., 0., 0., 0., 1., 0., 1., 0.,
       0., 1., 0.], dtype=float32), array([1., 7., 0., 0., 1., 0., 0., 0., 0., 1., 0., 0., 0., 0., 0., 0., 1.,
       0., 0., 0., 1., 0., 0., 1., 0., 0., 0., 1., 0., 0., 1., 0., 0., 0.,
       0., 0., 1., 0., 1., 0., 0., 1., 0., 0., 1., 0., 0., 0., 1., 0., 0.,
       1., 0., 0., 0., 0., 0., 0., 1., 0., 0., 0., 0., 0., 0., 1., 0., 0.,
       0., 0., 0.], dtype=float32))
	Rew: [np.float64(-0.1), np.float64(-1.0), np.float64(-0.1), np.float64(-1.0)]
	Done: False
	Accumulated Rew: ['-0.1', '-1.0', '-0.1', '-1.0']
	Team Reward (cumulative): -0.4
	Battery: [15, 15, 14.0, 15]
Episode 1, Step 2, Global Step 2:
	Obs: (array([4., 5., 0., 0., 0., 1., 0., 1., 0., 1., 0., 0., 0., 0., 0., 0., 1.,
       0., 0., 0., 0., 0., 0., 1., 0., 0., 0., 0., 0., 0., 1., 0., 0., 0.,
       0., 0., 1., 0., 0., 1., 0., 0., 0., 0., 1., 0., 0., 0., 0., 0., 0.,
       1., 0., 0., 0., 0., 0., 0., 1., 0., 0., 0., 0., 0., 0., 1., 0., 0.,
       0., 0., 0.], dtype=float32), array([5., 1., 0., 1., 0., 0., 0., 0., 0., 1., 0., 0., 0., 0., 0., 0., 1.,
       0., 0., 0., 0., 0., 0., 1., 0., 0., 0., 0., 0., 0., 1., 0., 0., 0.,
       1., 0., 1., 1., 0., 0., 0., 1., 0., 0., 1., 0., 0., 0., 0., 0., 0.,
       1., 0., 0., 0., 1., 0., 0., 1., 0., 0., 0., 1., 0., 0., 1., 0., 0.,
       0., 0., 0.], dtype=float32), array([0., 7., 0., 0., 1., 0., 0., 1., 0., 1., 0., 0., 0., 0., 0., 0., 1.,
       0., 0., 0., 0., 0., 0., 1., 0., 0., 0., 1., 0., 0., 1., 0., 0., 0.,
       0., 0., 0., 1., 0., 0., 0., 0., 0., 1., 0., 1., 0., 0., 1., 0., 0.,
       1., 0., 0., 0., 0., 0., 0., 1., 0., 0., 0., 0., 0., 0., 1., 0., 0.,
       0., 0., 0.], dtype=float32), array([1., 8., 0., 0., 1., 0., 0., 1., 0., 1., 0., 0., 0., 0., 0., 1., 0.,
       1., 0., 0., 1., 0., 0., 1., 0., 0., 0., 1., 0., 0., 1., 0., 0., 0.,
       0., 0., 0., 1., 0., 0., 0., 0., 0., 0., 1., 0., 0., 0., 0., 0., 0.,
       1., 0., 0., 0., 0., 0., 0., 1., 0., 0., 0., 0., 0., 0., 1., 0., 0.,
       0., 0., 0.], dtype=float32))
	Rew: [np.float64(-0.1), np.float64(-1.0), np.float64(-0.1), np.float64(-0.1)]
	Done: False
	Accumulated Rew: ['-0.2', '-2.0', '-0.2', '-1.1']
	Team Reward (cumulative): -0.8
	Battery: [15, 15, 13.0, 14.0]
Episode 1, Step 3, Global Step 3:
	Obs: (array([3., 5., 0., 0., 0., 1., 0., 1., 0., 1., 0., 0., 0., 0., 0., 0., 1.,
       0., 0., 0., 0., 0., 0., 1., 0., 0., 0., 0., 0., 0., 1., 0., 0., 0.,
       1., 0., 0., 1., 0., 0., 0., 0., 0., 1., 0., 0., 1., 0., 0., 0., 0.,
       1., 0., 0., 0., 1., 0., 0., 1., 0., 0., 0., 0., 0., 0., 1., 0., 0.,
       0., 0., 0.], dtype=float32), array([5., 0., 0., 1., 0., 0., 0., 1., 0., 1., 0., 0., 0., 0., 0., 0., 1.,
       0., 0., 0., 0., 0., 0., 1., 0., 0., 0., 0., 0., 0., 1., 0., 0., 0.,
       0., 0., 0., 1., 0., 0., 0., 0., 0., 0., 1., 0., 0., 0., 0., 0., 0.,
       1., 0., 0., 0., 1., 0., 1., 1., 0., 0., 0., 1., 0., 0., 1., 0., 0.,
       0., 0., 0.], dtype=float32), array([0., 8., 0., 0., 1., 0., 0., 1., 0., 1., 0., 0., 0., 0., 0., 0., 1.,
       0., 0., 0., 0., 0., 1., 0., 0., 0., 1., 1., 0., 0., 1., 0., 0., 0.,
       0., 0., 0., 1., 0., 0., 0., 0., 0., 0., 1., 0., 0., 0., 0., 0., 0.,
       1., 0., 0., 0., 0., 0., 0., 1., 0., 0., 0., 0., 0., 0., 1., 0., 0.,
       0., 0., 0.], dtype=float32), array([1., 8., 0., 0., 0., 0., 1., 1., 0., 1., 0., 0., 0., 0., 0., 1., 0.,
       0., 0., 1., 1., 0., 0., 1., 0., 0., 0., 1., 0., 0., 1., 0., 0., 0.,
       0., 0., 0., 1., 0., 0., 0., 0., 0., 0., 1., 0., 0., 0., 0., 0., 0.,
       1., 0., 0., 0., 0., 0., 0., 1., 0., 0., 0., 0., 0., 0., 1., 0., 0.,
       0., 0., 0.], dtype=float32))
	Rew: [np.float64(-0.1), np.float64(10.0), np.float64(-0.1), np.float64(-0.1)]
	Done: False
	Accumulated Rew: ['-0.3', '8.0', '-0.3', '-1.2']
	Team Reward (cumulative): -1.2
	Battery: [14.0, 14.0, 12.0, 14.0]
Episode 1, Step 4, Global Step 4:
	Obs: (array([3., 5., 0., 1., 0., 0., 0., 1., 0., 1., 0., 0., 0., 0., 0., 0., 1.,
       0., 0., 0., 0., 0., 0., 1., 0., 0., 0., 0., 0., 0., 1., 0., 0., 0.,
       1., 0., 0., 1., 0., 0., 0., 0., 0., 1., 1., 0., 0., 0., 0., 0., 0.,
       1., 0., 0., 0., 1., 0., 0., 1., 0., 0., 0., 0., 0., 0., 1., 0., 0.,
       0., 0., 0.], dtype=float32), array([5., 0., 0., 1., 0., 0., 0., 1., 0., 1., 0., 0., 0., 0., 0., 0., 1.,
       0., 0., 0., 0., 0., 0., 1., 0., 0., 0., 0., 0., 0., 1., 0., 0., 0.,
       0., 0., 0., 1., 0., 0., 0., 0., 0., 0., 1., 0., 0., 0., 0., 0., 0.,
       1., 0., 0., 0., 1., 0., 1., 1., 0., 0., 0., 1., 0., 0., 1., 0., 0.,
       0., 0., 0.], dtype=float32), array([0., 9., 0., 0., 1., 0., 0., 1., 0., 1., 0., 0., 0., 0., 0., 0., 1.,
       0., 0., 0., 0., 0., 0., 1., 0., 0., 0., 0., 0., 0., 1., 0., 0., 0.,
       0., 0., 0., 1., 0., 0., 0., 0., 0., 0., 1., 0., 0., 0., 0., 0., 0.,
       1., 0., 0., 0., 0., 0., 0., 1., 0., 0., 0., 0., 0., 0., 1., 0., 0.,
       0., 0., 0.], dtype=float32), array([2., 8., 0., 0., 0., 0., 1., 1., 1., 0., 0., 0., 1., 1., 0., 0., 1.,
       0., 0., 0., 1., 0., 0., 1., 0., 0., 0., 0., 0., 0., 1., 0., 0., 0.,
       0., 0., 0., 1., 0., 0., 0., 0., 0., 0., 1., 0., 0., 0., 0., 0., 0.,
       1., 0., 0., 0., 0., 0., 0., 1., 0., 0., 0., 0., 0., 0., 1., 0., 0.,
       0., 0., 0.], dtype=float32))
	Rew: [np.float64(-0.1), np.float64(0.0), np.float64(-0.1), np.float64(-0.1)]
	Done: False
	Accumulated Rew: ['-0.4', '8.0', '-0.4', '-1.3']
	Team Reward (cumulative): -1.6
	Battery: [14.0, 14.0, 11.0, 13.0]
Episode 1, Step 5, Global Step 5:
	Obs: (array([3., 4., 0., 1., 0., 0., 0., 1., 0., 1., 0., 0., 0., 1., 0., 0., 1.,
       0., 0., 0., 0., 0., 0., 1., 0., 0., 0., 1., 0., 0., 1., 0., 0., 0.,
       0., 0., 0., 1., 0., 0., 0., 0., 0., 0., 1., 0., 0., 0., 0., 0., 0.,
       1., 0., 0., 0., 1., 0., 0., 1., 0., 0., 0., 0., 0., 1., 1., 0., 0.,
       0., 0., 0.], dtype=float32), array([5., 0., 0., 1., 0., 0., 0., 1., 0., 1., 0., 0., 0., 0., 0., 0., 1.,
       0., 0., 0., 0., 0., 0., 1., 0., 0., 0., 0., 0., 0., 1., 0., 0., 0.,
       0., 0., 0., 1., 0., 0., 0., 0., 0., 0., 1., 0., 0., 0., 0., 0., 0.,
       1., 0., 0., 0., 1., 0., 1., 1., 0., 0., 0., 1., 0., 0., 1., 0., 0.,
       0., 0., 0.], dtype=float32), array([0., 9., 0., 0., 0., 0., 1., 1., 0., 1., 0., 0., 0., 0., 0., 0., 1.,
       0., 0., 0., 0., 0., 0., 1., 0., 0., 0., 0., 0., 0., 1., 0., 0., 0.,
       0., 0., 0., 1., 0., 0., 0., 0., 0., 0., 1., 0., 0., 0., 0., 0., 0.,
       1., 0., 0., 0., 0., 0., 0., 1., 0., 0., 0., 0., 0., 0., 1., 0., 0.,
       0., 0., 0.], dtype=float32), array([3., 8., 0., 0., 0., 0., 1., 1., 0., 1., 0., 0., 0., 1., 0., 0., 1.,
       0., 0., 0., 0., 0., 0., 1., 0., 0., 0., 0., 0., 0., 1., 0., 0., 0.,
       0., 0., 0., 1., 0., 0., 0., 0., 0., 0., 1., 0., 0., 0., 0., 0., 0.,
       1., 0., 0., 0., 0., 0., 0., 1., 0., 0., 0., 0., 0., 0., 1., 0., 0.,
       0., 0., 0.], dtype=float32))
	Rew: [np.float64(-0.1), np.float64(0.0), np.float64(-0.1), np.float64(-0.1)]
	Done: False
	Accumulated Rew: ['-0.5', '8.0', '-0.5', '-1.4']
	Team Reward (cumulative): -2.0
	Battery: [13.0, 14.0, 11.0, 12.0]
Episode 1, Step 6, Global Step 6:
	Obs: (array([3., 3., 0., 1., 0., 0., 0., 1., 0., 1., 0., 0., 0., 1., 0., 0., 1.,
       0., 0., 0., 0., 0., 0., 1., 0., 0., 0., 1., 0., 0., 1., 0., 0., 0.,
       1., 0., 0., 1., 0., 0., 0., 0., 0., 0., 1., 0., 0., 0., 1., 0., 0.,
       1., 0., 0., 0., 0., 0., 0., 1., 0., 0., 0., 0., 0., 0., 1., 0., 0.,
       0., 0., 0.], dtype=float32), array([5., 0., 0., 1., 0., 0., 0., 1., 0., 1., 0., 0., 0., 0., 0., 0., 1.,
       0., 0., 0., 0., 0., 0., 1., 0., 0., 0., 0., 0., 0., 1., 0., 0., 0.,
       0., 0., 0., 1., 0., 0., 0., 0., 0., 0., 1., 0., 0., 0., 0., 0., 0.,
       1., 0., 0., 0., 1., 0., 1., 1., 0., 0., 0., 1., 0., 0., 1., 0., 0.,
       0., 0., 0.], dtype=float32), array([1., 9., 0., 0., 0., 0., 1., 1., 0., 1., 0., 0., 0., 0., 0., 0., 1.,
       0., 0., 0., 0., 0., 0., 1., 0., 0., 0., 0., 0., 0., 1., 0., 0., 0.,
       0., 0., 0., 1., 0., 0., 0., 0., 0., 0., 1., 0., 0., 0., 0., 0., 0.,
       1., 0., 0., 0., 0., 0., 0., 1., 0., 0., 0., 0., 0., 0., 1., 0., 0.,
       0., 0., 0.], dtype=float32), array([4., 8., 0., 0., 0., 0., 1., 1., 0., 1., 0., 0., 0., 0., 0., 0., 1.,
       0., 0., 0., 0., 0., 0., 1., 0., 0., 0., 0., 0., 0., 1., 0., 0., 0.,
       0., 0., 0., 1., 0., 0., 0., 0., 0., 0., 1., 0., 0., 0., 0., 0., 0.,
       1., 0., 0., 0., 0., 0., 0., 1., 0., 0., 0., 0., 0., 0., 1., 0., 0.,
       0., 0., 0.], dtype=float32))
	Rew: [np.float64(-0.1), np.float64(0.0), np.float64(-0.1), np.float64(-0.1)]
	Done: False
	Accumulated Rew: ['-0.6', '8.0', '-0.6', '-1.5']
	Team Reward (cumulative): -2.4
	Battery: [12.0, 14.0, 10.0, 11.0]
Episode 1, Step 7, Global Step 7:
	Obs: (array([3., 2., 0., 1., 0., 0., 0., 1., 0., 1., 0., 0., 0., 1., 0., 0., 1.,
       0., 0., 0., 0., 0., 0., 1., 0., 0., 0., 1., 0., 0., 1., 0., 0., 0.,
       1., 0., 0., 1., 0., 0., 0., 0., 0., 0., 1., 0., 0., 0., 1., 0., 0.,
       1., 0., 0., 0., 1., 0., 0., 1., 0., 0., 0., 0., 0., 0., 1., 0., 0.,
       0., 1., 0.], dtype=float32), array([5., 0., 0., 1., 0., 0., 0., 1., 0., 1., 0., 0., 0., 0., 0., 0., 1.,
       0., 0., 0., 0., 0., 0., 1., 0., 0., 0., 0., 0., 0., 1., 0., 0., 0.,
       0., 0., 0., 1., 0., 0., 0., 0., 0., 0., 1., 0., 0., 0., 0., 0., 0.,
       1., 0., 0., 0., 1., 0., 1., 1., 0., 0., 0., 1., 0., 0., 1., 0., 0.,
       0., 0., 0.], dtype=float32), array([2., 9., 0., 0., 0., 0., 1., 1., 0., 1., 0., 0., 0., 0., 0., 0., 1.,
       0., 0., 0., 0., 0., 0., 1., 0., 0., 0., 0., 0., 0., 1., 0., 0., 0.,
       0., 0., 0., 1., 0., 0., 0., 0., 0., 0., 1., 0., 0., 0., 0., 0., 0.,
       1., 0., 0., 0., 0., 0., 0., 1., 0., 0., 0., 0., 0., 0., 1., 0., 0.,
       0., 0., 0.], dtype=float32), array([5., 8., 0., 0., 0., 0., 1., 1., 0., 1., 0., 0., 0., 0., 0., 0., 1.,
       0., 0., 0., 0., 0., 0., 1., 0., 0., 0., 0., 0., 0., 1., 0., 0., 0.,
       0., 0., 0., 1., 0., 0., 0., 0., 0., 0., 1., 0., 0., 0., 0., 0., 0.,
       1., 0., 0., 0., 0., 0., 0., 1., 0., 0., 0., 0., 0., 0., 1., 0., 0.,
       0., 0., 0.], dtype=float32))
	Rew: [np.float64(-0.1), np.float64(0.0), np.float64(-0.1), np.float64(-0.1)]
	Done: False
	Accumulated Rew: ['-0.7', '8.0', '-0.7', '-1.6']
	Team Reward (cumulative): -2.8
	Battery: [11.0, 14.0, 9.0, 10.0]
Episode 1, Step 8, Global Step 8:
	Obs: (array([3., 1., 0., 1., 0., 0., 0., 1., 0., 1., 0., 0., 0., 0., 0., 0., 1.,
       0., 0., 0., 0., 0., 0., 1., 0., 0., 0., 0., 0., 0., 1., 0., 0., 0.,
       1., 0., 0., 1., 0., 0., 0., 0., 0., 0., 1., 0., 0., 0., 1., 0., 0.,
       1., 0., 0., 0., 1., 0., 0., 1., 0., 0., 0., 0., 0., 0., 1., 0., 0.,
       0., 1., 0.], dtype=float32), array([5., 0., 0., 1., 0., 0., 0., 1., 0., 1., 0., 0., 0., 0., 0., 0., 1.,
       0., 0., 0., 0., 0., 0., 1., 0., 0., 0., 0., 0., 0., 1., 0., 0., 0.,
       0., 0., 0., 1., 0., 0., 0., 0., 0., 0., 1., 0., 0., 0., 0., 0., 0.,
       1., 0., 0., 0., 1., 0., 1., 1., 0., 0., 0., 1., 0., 0., 1., 0., 0.,
       0., 0., 0.], dtype=float32), array([3., 9., 0., 0., 0., 0., 1., 1., 0., 1., 0., 0., 0., 0., 0., 0., 1.,
       0., 0., 0., 0., 0., 0., 1., 0., 0., 0., 0., 0., 0., 1., 0., 0., 0.,
       0., 0., 0., 1., 0., 0., 0., 0., 0., 0., 1., 0., 0., 0., 0., 0., 0.,
       1., 0., 0., 0., 0., 0., 0., 1., 0., 0., 0., 0., 0., 0., 1., 0., 0.,
       0., 0., 0.], dtype=float32), array([5., 8., 0., 0., 1., 0., 0., 1., 0., 1., 0., 0., 0., 0., 0., 0., 1.,
       0., 0., 0., 0., 0., 0., 1., 0., 0., 0., 0., 0., 0., 1., 0., 0., 0.,
       0., 0., 0., 1., 0., 0., 0., 0., 0., 0., 1., 0., 0., 0., 0., 0., 0.,
       1., 0., 0., 0., 0., 0., 0., 1., 0., 0., 0., 0., 0., 0., 1., 0., 0.,
       0., 0., 0.], dtype=float32))
	Rew: [np.float64(-0.1), np.float64(0.0), np.float64(-0.1), np.float64(-0.1)]
	Done: False
	Accumulated Rew: ['-0.8', '8.0', '-0.8', '-1.7']
	Team Reward (cumulative): -3.2
	Battery: [10.0, 14.0, 8.0, 10.0]
Episode 1, Step 9, Global Step 9:
	Obs: (array([3., 0., 0., 1., 0., 0., 0., 1., 0., 1., 0., 0., 0., 0., 0., 0., 1.,
       0., 0., 0., 0., 0., 0., 1., 0., 0., 0., 0., 0., 0., 1., 0., 0., 0.,
       0., 0., 0., 1., 0., 0., 0., 0., 0., 0., 1., 0., 0., 0., 0., 0., 0.,
       1., 0., 0., 0., 1., 0., 0., 1., 0., 0., 0., 0., 0., 0., 1., 0., 0.,
       0., 1., 0.], dtype=float32), array([5., 0., 0., 1., 0., 0., 0., 1., 0., 1., 0., 0., 0., 0., 0., 0., 1.,
       0., 0., 0., 0., 0., 0., 1., 0., 0., 0., 0., 0., 0., 1., 0., 0., 0.,
       0., 0., 0., 1., 0., 0., 0., 0., 0., 0., 1., 0., 0., 0., 0., 0., 0.,
       1., 0., 0., 0., 1., 0., 1., 1., 0., 0., 0., 1., 0., 0., 1., 0., 0.,
       0., 0., 0.], dtype=float32), array([4., 9., 0., 0., 0., 0., 1., 1., 0., 1., 0., 0., 0., 0., 0., 0., 1.,
       0., 0., 0., 0., 0., 0., 1., 0., 0., 0., 0., 0., 0., 1., 0., 0., 0.,
       0., 0., 0., 1., 0., 0., 0., 0., 0., 0., 1., 0., 0., 0., 0., 0., 0.,
       1., 0., 0., 0., 0., 0., 0., 1., 0., 0., 0., 0., 0., 0., 1., 0., 0.,
       0., 0., 0.], dtype=float32), array([5., 9., 0., 0., 1., 0., 0., 1., 0., 1., 0., 0., 0., 0., 0., 0., 1.,
       0., 0., 0., 0., 0., 0., 1., 0., 0., 0., 0., 0., 0., 1., 0., 0., 0.,
       0., 0., 0., 1., 0., 0., 0., 0., 0., 0., 1., 0., 0., 0., 0., 0., 0.,
       1., 0., 0., 0., 0., 0., 0., 1., 0., 0., 0., 0., 0., 0., 1., 0., 0.,
       0., 0., 0.], dtype=float32))
	Rew: [np.float64(-0.1), np.float64(0.0), np.float64(10.0), np.float64(10.0)]
	Done: False
	Accumulated Rew: ['-0.9', '8.0', '9.2', '8.3']
	Team Reward (cumulative): -3.6
	Battery: [9.0, 14.0, 7.0, 9.0]
Episode 1, Step 10, Global Step 10:
	Obs: (array([3., 0., 0., 0., 0., 0., 1., 1., 0., 1., 0., 0., 0., 0., 0., 0., 1.,
       0., 0., 0., 0., 0., 0., 1., 0., 0., 0., 0., 0., 0., 1., 0., 0., 0.,
       0., 0., 0., 1., 0., 0., 0., 0., 0., 0., 1., 0., 0., 0., 0., 0., 0.,
       1., 0., 0., 0., 1., 0., 0., 1., 0., 0., 0., 0., 0., 0., 1., 0., 0.,
       0., 1., 0.], dtype=float32), array([5., 0., 0., 1., 0., 0., 0., 1., 0., 1., 0., 0., 0., 0., 0., 0., 1.,
       0., 0., 0., 0., 0., 0., 1., 0., 0., 0., 0., 0., 0., 1., 0., 0., 0.,
       0., 0., 0., 1., 0., 0., 0., 0., 0., 0., 1., 0., 0., 0., 0., 0., 0.,
       1., 0., 0., 0., 1., 0., 1., 1., 0., 0., 0., 1., 0., 0., 1., 0., 0.,
       0., 0., 0.], dtype=float32), array([4., 9., 0., 0., 0., 0., 1., 1., 0., 1., 0., 0., 0., 0., 0., 0., 1.,
       0., 0., 0., 0., 0., 0., 1., 0., 0., 0., 0., 0., 0., 1., 0., 0., 0.,
       0., 0., 0., 1., 0., 0., 0., 0., 0., 0., 1., 0., 0., 0., 0., 0., 0.,
       1., 0., 0., 0., 0., 0., 0., 1., 0., 0., 0., 0., 0., 0., 1., 0., 0.,
       0., 0., 0.], dtype=float32), array([5., 9., 0., 0., 1., 0., 0., 1., 0., 1., 0., 0., 0., 0., 0., 0., 1.,
       0., 0., 0., 0., 0., 0., 1., 0., 0., 0., 0., 0., 0., 1., 0., 0., 0.,
       0., 0., 0., 1., 0., 0., 0., 0., 0., 0., 1., 0., 0., 0., 0., 0., 0.,
       1., 0., 0., 0., 0., 0., 0., 1., 0., 0., 0., 0., 0., 0., 1., 0., 0.,
       0., 0., 0.], dtype=float32))
	Rew: [np.float64(-0.1), np.float64(0.0), np.float64(0.0), np.float64(0.0)]
	Done: False
	Accumulated Rew: ['-1.0', '8.0', '9.2', '8.3']
	Team Reward (cumulative): -4.0
	Battery: [9.0, 14.0, 7.0, 9.0]
Episode 1, Step 11, Global Step 11:
	Obs: (array([4., 0., 0., 0., 0., 0., 1., 1., 0., 1., 0., 0., 0., 0., 0., 0., 1.,
       0., 0., 0., 0., 0., 0., 1., 0., 0., 0., 0., 0., 0., 1., 0., 0., 0.,
       0., 0., 0., 1., 0., 0., 0., 0., 0., 0., 1., 0., 0., 0., 0., 0., 0.,
       1., 0., 0., 0., 0., 0., 0., 1., 0., 0., 0., 1., 0., 1., 1., 0., 0.,
       0., 1., 0.], dtype=float32), array([5., 0., 0., 1., 0., 0., 0., 1., 0., 1., 0., 0., 0., 0., 0., 0., 1.,
       0., 0., 0., 0., 0., 0., 1., 0., 0., 0., 0., 0., 0., 1., 0., 0., 0.,
       0., 0., 0., 1., 0., 0., 0., 0., 0., 0., 1., 0., 0., 0., 0., 0., 0.,
       1., 0., 0., 0., 1., 0., 1., 1., 0., 0., 0., 1., 0., 0., 1., 0., 0.,
       0., 0., 0.], dtype=float32), array([4., 9., 0., 0., 0., 0., 1., 1., 0., 1., 0., 0., 0., 0., 0., 0., 1.,
       0., 0., 0., 0., 0., 0., 1., 0., 0., 0., 0., 0., 0., 1., 0., 0., 0.,
       0., 0., 0., 1., 0., 0., 0., 0., 0., 0., 1., 0., 0., 0., 0., 0., 0.,
       1., 0., 0., 0., 0., 0., 0., 1., 0., 0., 0., 0., 0., 0., 1., 0., 0.,
       0., 0., 0.], dtype=float32), array([5., 9., 0., 0., 1., 0., 0., 1., 0., 1., 0., 0., 0., 0., 0., 0., 1.,
       0., 0., 0., 0., 0., 0., 1., 0., 0., 0., 0., 0., 0., 1., 0., 0., 0.,
       0., 0., 0., 1., 0., 0., 0., 0., 0., 0., 1., 0., 0., 0., 0., 0., 0.,
       1., 0., 0., 0., 0., 0., 0., 1., 0., 0., 0., 0., 0., 0., 1., 0., 0.,
       0., 0., 0.], dtype=float32))
	Rew: [np.float64(10.0), np.float64(0.0), np.float64(0.0), np.float64(0.0)]
	Done: True
	Accumulated Rew: ['9.0', '8.0', '9.2', '8.3']
	Team Reward (cumulative): 45.6
	Battery: [8.0, 14.0, 7.0, 9.0]
Episode 1 finished. Episodic returns: [9.  8.  9.2 8.3]
Team Reward (cumulative): 45.6
Episode 2, Step 1, Global Step 12:
	Obs: (array([3., 6., 0., 0., 0., 1., 0., 1., 0., 1., 0., 0., 0., 1., 0., 0., 1.,
       0., 0., 0., 0., 0., 0., 1., 0., 0., 0., 0., 0., 0., 1., 0., 0., 0.,
       1., 0., 0., 1., 0., 0., 0., 0., 0., 1., 0., 0., 1., 0., 0., 0., 0.,
       1., 0., 0., 0., 1., 0., 0., 1., 0., 0., 0., 0., 0., 0., 1., 0., 0.,
       0., 0., 0.], dtype=float32), array([9., 4., 0., 0., 1., 0., 0., 1., 0., 1., 0., 0., 0., 1., 0., 0., 1.,
       0., 0., 0., 0., 0., 0., 1., 0., 0., 0., 0., 0., 0., 1., 0., 0., 0.,
       0., 0., 1., 0., 1., 0., 0., 0., 0., 0., 1., 0., 0., 0., 0., 0., 0.,
       1., 0., 0., 0., 1., 0., 0., 1., 0., 0., 0., 0., 0., 0., 1., 0., 0.,
       0., 0., 0.], dtype=float32), array([8., 8., 0., 0., 0., 1., 0., 1., 0., 1., 0., 0., 0., 1., 0., 0., 1.,
       0., 0., 0., 1., 0., 0., 1., 0., 0., 0., 0., 0., 0., 1., 0., 0., 0.,
       0., 0., 0., 1., 0., 0., 0., 0., 0., 1., 0., 0., 1., 0., 0., 0., 0.,
       1., 0., 0., 0., 0., 0., 0., 1., 0., 0., 0., 0., 0., 0., 1., 0., 0.,
       0., 0., 0.], dtype=float32), array([0., 8., 0., 1., 0., 0., 0., 1., 0., 1., 0., 0., 0., 0., 0., 0., 1.,
       0., 0., 0., 0., 0., 0., 1., 0., 0., 0., 1., 0., 0., 1., 0., 0., 0.,
       0., 0., 1., 1., 0., 0., 0., 0., 0., 0., 1., 0., 0., 0., 0., 0., 0.,
       1., 0., 0., 0., 0., 0., 0., 1., 0., 0., 0., 0., 0., 0., 1., 0., 0.,
       0., 0., 0.], dtype=float32))
	Rew: [np.float64(-0.1), np.float64(-0.1), np.float64(-0.1), np.float64(-0.1)]
	Done: False
	Accumulated Rew: ['-0.1', '-0.1', '-0.1', '-0.1']
	Team Reward (cumulative): 45.2
	Battery: [7.0, 14.0, 6.0, 9.0]
Episode 2, Step 2, Global Step 13:
	Obs: (array([3., 6., 0., 1., 0., 0., 0., 1., 0., 1., 0., 0., 0., 1., 0., 0., 1.,
       0., 0., 0., 0., 0., 0., 1., 0., 0., 0., 0., 0., 0., 1., 0., 0., 0.,
       1., 0., 0., 1., 0., 0., 0., 0., 0., 1., 1., 0., 0., 0., 0., 0., 0.,
       1., 0., 0., 0., 1., 0., 0., 1., 0., 0., 0., 0., 0., 0., 1., 0., 0.,
       0., 0., 0.], dtype=float32), array([9., 4., 0., 0., 0., 1., 0., 1., 0., 1., 0., 0., 0., 1., 0., 0., 1.,
       0., 0., 0., 0., 0., 0., 1., 0., 0., 0., 0., 0., 0., 1., 0., 0., 0.,
       0., 0., 1., 0., 0., 1., 0., 0., 0., 0., 1., 0., 0., 0., 0., 0., 0.,
       1., 0., 0., 0., 1., 0., 0., 1., 0., 0., 0., 0., 0., 0., 1., 0., 0.,
       0., 0., 0.], dtype=float32), array([7., 8., 0., 0., 0., 1., 0., 1., 0., 1., 0., 0., 0., 0., 0., 0., 1.,
       0., 0., 0., 1., 0., 0., 1., 0., 0., 0., 1., 0., 0., 1., 0., 0., 0.,
       0., 0., 0., 1., 0., 0., 0., 0., 0., 0., 1., 0., 0., 0., 0., 0., 0.,
       1., 0., 0., 0., 0., 0., 0., 1., 0., 0., 0., 0., 0., 0., 1., 0., 0.,
       0., 0., 0.], dtype=float32), array([0., 8., 0., 0., 0., 0., 1., 1., 0., 1., 0., 0., 0., 0., 0., 0., 1.,
       0., 0., 0., 0., 0., 0., 1., 0., 0., 0., 1., 0., 0., 1., 0., 0., 0.,
       0., 0., 1., 0., 0., 0., 1., 0., 0., 0., 1., 0., 0., 0., 0., 0., 0.,
       1., 0., 0., 0., 0., 0., 0., 1., 0., 0., 0., 0., 0., 0., 1., 0., 0.,
       0., 0., 0.], dtype=float32))
	Rew: [np.float64(-0.1), np.float64(-0.1), np.float64(-0.1), np.float64(-0.1)]
	Done: False
	Accumulated Rew: ['-0.2', '-0.2', '-0.2', '-0.2']
	Team Reward (cumulative): 44.8
	Battery: [7.0, 14.0, 5.0, 9.0]
Episode 2, Step 3, Global Step 14:
	Obs: (array([3., 5., 0., 1., 0., 0., 0., 1., 0., 1., 0., 0., 0., 0., 0., 0., 1.,
       0., 0., 0., 0., 0., 0., 1., 0., 0., 0., 0., 0., 0., 1., 0., 0., 0.,
       1., 0., 0., 1., 0., 0., 0., 0., 0., 0., 1., 0., 0., 0., 0., 0., 0.,
       1., 0., 0., 0., 1., 0., 0., 1., 0., 0., 0., 0., 0., 1., 1., 0., 0.,
       0., 0., 0.], dtype=float32), array([8., 4., 0., 0., 0., 1., 0., 1., 0., 1., 0., 0., 0., 1., 0., 0., 1.,
       0., 0., 0., 1., 0., 0., 1., 0., 0., 0., 0., 0., 0., 1., 0., 0., 0.,
       0., 0., 0., 1., 0., 0., 0., 0., 0., 1., 0., 0., 1., 0., 0., 0., 0.,
       1., 0., 0., 0., 1., 0., 0., 1., 0., 0., 0., 1., 0., 0., 1., 0., 0.,
       0., 0., 0.], dtype=float32), array([6., 8., 0., 0., 0., 1., 0., 1., 0., 1., 0., 0., 0., 0., 0., 0., 1.,
       0., 0., 0., 0., 0., 0., 1., 0., 0., 0., 1., 0., 0., 1., 0., 0., 0.,
       0., 0., 0., 1., 0., 0., 0., 0., 0., 0., 1., 0., 0., 0., 0., 0., 0.,
       1., 0., 0., 0., 0., 0., 0., 1., 0., 0., 0., 0., 0., 0., 1., 0., 0.,
       0., 0., 0.], dtype=float32), array([1., 8., 0., 0., 0., 0., 1., 1., 0., 1., 0., 0., 0., 0., 0., 0., 1.,
       0., 0., 0., 1., 0., 0., 1., 0., 0., 0., 1., 0., 1., 0., 0., 0., 1.,
       0., 0., 0., 1., 0., 0., 0., 0., 0., 0., 1., 0., 0., 0., 0., 0., 0.,
       1., 0., 0., 0., 0., 0., 0., 1., 0., 0., 0., 0., 0., 0., 1., 0., 0.,
       0., 0., 0.], dtype=float32))
	Rew: [np.float64(-0.1), np.float64(-0.1), np.float64(-0.1), np.float64(-0.1)]
	Done: False
	Accumulated Rew: ['-0.3', '-0.3', '-0.3', '-0.3']
	Team Reward (cumulative): 44.4
	Battery: [6.0, 13.0, 4.0, 8.0]
Episode 2, Step 4, Global Step 15:
	Obs: (array([3., 4., 0., 1., 0., 0., 0., 1., 0., 1., 0., 0., 0., 1., 0., 0., 1.,
       0., 0., 0., 0., 0., 0., 1., 0., 0., 0., 1., 0., 0., 1., 0., 0., 0.,
       0., 0., 0., 1., 0., 0., 0., 0., 0., 0., 1., 0., 0., 0., 0., 0., 0.,
       1., 0., 0., 0., 1., 0., 0., 1., 0., 0., 0., 0., 0., 0., 1., 0., 0.,
       0., 0., 0.], dtype=float32), array([7., 4., 0., 0., 0., 1., 0., 1., 0., 1., 0., 0., 0., 0., 0., 0., 1.,
       0., 0., 0., 1., 0., 0., 1., 0., 0., 0., 1., 0., 0., 1., 0., 0., 0.,
       0., 0., 0., 1., 0., 0., 0., 0., 0., 0., 1., 0., 0., 0., 0., 0., 0.,
       1., 0., 0., 0., 0., 0., 0., 1., 0., 0., 0., 1., 0., 0., 1., 0., 0.,
       0., 1., 0.], dtype=float32), array([5., 8., 0., 0., 0., 1., 0., 1., 0., 1., 0., 0., 0., 0., 0., 0., 1.,
       0., 0., 0., 0., 0., 0., 1., 0., 0., 0., 0., 0., 0., 1., 0., 0., 0.,
       0., 0., 0., 1., 0., 0., 0., 0., 0., 0., 1., 0., 0., 0., 0., 0., 0.,
       1., 0., 0., 0., 0., 0., 0., 1., 0., 0., 0., 0., 0., 0., 1., 0., 0.,
       0., 0., 0.], dtype=float32), array([2., 8., 0., 0., 0., 0., 1., 1., 0., 1., 0., 0., 0., 1., 0., 0., 1.,
       0., 0., 0., 1., 0., 0., 1., 0., 0., 0., 0., 0., 0., 1., 0., 0., 0.,
       0., 0., 0., 1., 0., 0., 0., 0., 0., 0., 1., 0., 0., 0., 0., 0., 0.,
       1., 0., 0., 0., 0., 0., 0., 1., 0., 0., 0., 0., 0., 0., 1., 0., 0.,
       0., 0., 0.], dtype=float32))
	Rew: [np.float64(-0.1), np.float64(-0.1), np.float64(-0.1), np.float64(-0.1)]
	Done: False
	Accumulated Rew: ['-0.4', '-0.4', '-0.4', '-0.4']
	Team Reward (cumulative): 44.0
	Battery: [5.0, 12.0, 3.0, 7.0]
Episode 2, Step 5, Global Step 16:
	Obs: (array([3., 3., 0., 1., 0., 0., 0., 1., 0., 1., 0., 0., 0., 1., 0., 0., 1.,
       0., 0., 0., 0., 0., 0., 1., 0., 0., 0., 1., 0., 0., 1., 0., 0., 0.,
       1., 0., 0., 1., 0., 0., 0., 0., 0., 0., 1., 0., 0., 0., 1., 0., 0.,
       1., 0., 0., 0., 0., 0., 0., 1., 0., 0., 0., 0., 0., 0., 1., 0., 0.,
       0., 0., 0.], dtype=float32), array([6., 4., 0., 0., 0., 1., 0., 1., 0., 1., 0., 0., 0., 1., 0., 0., 1.,
       0., 0., 0., 0., 0., 0., 1., 0., 0., 0., 1., 0., 0., 1., 0., 0., 0.,
       0., 0., 0., 1., 0., 0., 0., 0., 0., 0., 1., 0., 0., 0., 0., 0., 0.,
       1., 0., 0., 0., 0., 0., 0., 1., 0., 0., 0., 0., 0., 0., 1., 0., 0.,
       0., 1., 0.], dtype=float32), array([4., 8., 0., 0., 0., 1., 0., 1., 0., 1., 0., 0., 0., 0., 0., 0., 1.,
       0., 0., 0., 0., 0., 0., 1., 0., 0., 0., 0., 0., 0., 1., 0., 0., 0.,
       0., 0., 0., 1., 0., 0., 0., 0., 0., 0., 1., 0., 0., 0., 0., 0., 0.,
       1., 0., 0., 0., 0., 0., 0., 1., 0., 0., 0., 0., 0., 0., 1., 0., 0.,
       0., 0., 0.], dtype=float32), array([3., 8., 0., 0., 0., 0., 1., 1., 0., 1., 0., 0., 0., 1., 0., 0., 1.,
       0., 0., 0., 0., 0., 0., 1., 0., 0., 0., 0., 0., 0., 1., 0., 0., 0.,
       0., 0., 0., 1., 0., 0., 0., 0., 0., 0., 1., 0., 0., 0., 0., 0., 0.,
       1., 0., 0., 0., 0., 0., 0., 1., 0., 0., 0., 0., 0., 0., 1., 0., 0.,
       0., 0., 0.], dtype=float32))
	Rew: [np.float64(-0.1), np.float64(-0.1), np.float64(-0.1), np.float64(-0.1)]
	Done: False
	Accumulated Rew: ['-0.5', '-0.5', '-0.5', '-0.5']
	Team Reward (cumulative): 43.6
	Battery: [4.0, 11.0, 2.0, 6.0]
Episode 2, Step 6, Global Step 17:
	Obs: (array([3., 2., 0., 1., 0., 0., 0., 1., 0., 1., 0., 0., 0., 1., 0., 0., 1.,
       0., 0., 0., 0., 0., 0., 1., 0., 0., 0., 1., 0., 0., 1., 0., 0., 0.,
       1., 0., 0., 1., 0., 0., 0., 0., 0., 0., 1., 0., 0., 0., 1., 0., 0.,
       1., 0., 0., 0., 1., 0., 0., 1., 0., 0., 0., 0., 0., 0., 1., 0., 0.,
       0., 1., 0.], dtype=float32), array([6., 4., 0., 1., 0., 0., 0., 1., 0., 1., 0., 0., 0., 1., 0., 0., 1.,
       0., 0., 0., 0., 0., 0., 1., 0., 0., 0., 1., 0., 0., 1., 0., 0., 0.,
       0., 0., 0., 1., 0., 0., 0., 0., 0., 0., 1., 0., 0., 0., 0., 0., 0.,
       1., 0., 0., 0., 0., 0., 0., 1., 0., 0., 0., 0., 0., 0., 1., 0., 0.,
       0., 1., 0.], dtype=float32), array([4., 8., 0., 0., 1., 0., 0., 1., 0., 1., 0., 0., 0., 0., 0., 0., 1.,
       0., 0., 0., 0., 0., 0., 1., 0., 0., 0., 0., 0., 0., 1., 0., 0., 0.,
       0., 0., 0., 1., 0., 0., 0., 0., 0., 0., 1., 0., 0., 0., 0., 0., 0.,
       1., 0., 0., 0., 0., 0., 0., 1., 0., 0., 0., 0., 0., 0., 1., 0., 0.,
       0., 0., 0.], dtype=float32), array([3., 8., 0., 0., 1., 0., 0., 1., 0., 1., 0., 0., 0., 1., 0., 0., 1.,
       0., 0., 0., 0., 0., 0., 1., 0., 0., 0., 0., 0., 0., 1., 0., 0., 0.,
       0., 0., 0., 1., 0., 0., 0., 0., 0., 0., 1., 0., 0., 0., 0., 0., 0.,
       1., 0., 0., 0., 0., 0., 0., 1., 0., 0., 0., 0., 0., 0., 1., 0., 0.,
       0., 0., 0.], dtype=float32))
	Rew: [np.float64(-0.1), np.float64(-0.1), np.float64(-0.1), np.float64(-0.1)]
	Done: False
	Accumulated Rew: ['-0.6', '-0.6', '-0.6', '-0.6']
	Team Reward (cumulative): 43.2
	Battery: [3.0, 11.0, 2.0, 6.0]
