Episode 1, Step 1:
	Obs: (array([1., 9., 0., 0., 0., 0., 1., 1., 0., 1., 0., 0., 0., 0., 0., 0., 1.,
       0., 0., 0., 0., 0., 0., 1., 0., 0., 0., 0., 0., 1., 0., 0., 0., 1.,
       0., 0., 0., 1., 0., 0., 0., 0., 0., 0., 1., 0., 0., 0., 0., 0., 0.,
       1., 0., 0., 0., 0., 0., 0., 1., 0., 0., 0., 0., 0., 0., 1., 0., 0.,
       0., 0., 0.], dtype=float32), array([3., 6., 0., 0., 0., 0., 1., 1., 0., 1., 0., 0., 0., 1., 0., 0., 1.,
       0., 0., 0., 0., 0., 0., 1., 0., 0., 0., 0., 0., 1., 0., 0., 0., 1.,
       1., 0., 0., 1., 0., 0., 0., 0., 0., 0., 1., 0., 0., 0., 0., 0., 0.,
       1., 0., 0., 0., 1., 0., 0., 1., 0., 0., 0., 0., 0., 0., 1., 0., 0.,
       0., 0., 0.], dtype=float32))
	Rew: [np.float64(-0.1), np.float64(-0.1)]
	Done: False
	Accumulated Rew: ['-0.1', '-0.1']
	Team Reward (cumulative): -0.2
	Battery: [9.0, 9.0]
Episode 1, Step 2:
	Obs: (array([2., 9., 0., 0., 0., 0., 1., 1., 0., 1., 0., 0., 0., 0., 0., 0., 1.,
       0., 0., 0., 0., 0., 0., 1., 0., 0., 0., 0., 0., 0., 1., 0., 0., 0.,
       0., 0., 0., 1., 0., 0., 0., 0., 0., 0., 1., 0., 0., 0., 0., 0., 0.,
       1., 0., 0., 0., 0., 0., 0., 1., 0., 0., 0., 0., 0., 0., 1., 0., 0.,
       0., 0., 0.], dtype=float32), array([4., 6., 0., 0., 0., 0., 1., 1., 0., 1., 0., 0., 0., 0., 0., 0., 1.,
       0., 0., 0., 0., 0., 0., 1., 0., 0., 0., 0., 0., 0., 1., 0., 0., 0.,
       0., 0., 0., 1., 0., 0., 0., 0., 0., 0., 1., 0., 0., 0., 0., 0., 0.,
       1., 0., 0., 0., 0., 0., 0., 1., 0., 0., 0., 0., 0., 0., 1., 0., 0.,
       0., 0., 0.], dtype=float32))
	Rew: [np.float64(-0.1), np.float64(-0.1)]
	Done: False
	Accumulated Rew: ['-0.2', '-0.2']
	Team Reward (cumulative): -0.4
	Battery: [8.0, 8.0]
Episode 1, Step 3:
	Obs: (array([3., 9., 0., 0., 0., 0., 1., 1., 0., 1., 0., 0., 0., 0., 0., 0., 1.,
       0., 0., 0., 0., 0., 0., 1., 0., 0., 0., 0., 0., 0., 1., 0., 0., 0.,
       0., 0., 0., 1., 0., 0., 0., 0., 0., 0., 1., 0., 0., 0., 0., 0., 0.,
       1., 0., 0., 0., 0., 0., 0., 1., 0., 0., 0., 0., 0., 0., 1., 0., 0.,
       0., 0., 0.], dtype=float32), array([5., 6., 0., 0., 0., 0., 1., 1., 0., 1., 0., 0., 0., 0., 0., 0., 1.,
       0., 0., 0., 0., 0., 0., 1., 0., 0., 0., 0., 0., 0., 1., 0., 0., 0.,
       0., 0., 0., 1., 0., 0., 0., 0., 0., 0., 1., 0., 0., 0., 0., 0., 0.,
       1., 0., 0., 0., 0., 0., 0., 1., 0., 0., 0., 0., 0., 0., 1., 0., 0.,
       0., 0., 0.], dtype=float32))
	Rew: [np.float64(-0.1), np.float64(-0.1)]
	Done: False
	Accumulated Rew: ['-0.3', '-0.3']
	Team Reward (cumulative): -0.6
	Battery: [7.0, 7.0]
Episode 1, Step 4:
	Obs: (array([4., 9., 0., 0., 0., 0., 1., 1., 0., 1., 0., 0., 0., 0., 0., 0., 1.,
       0., 0., 0., 0., 0., 0., 1., 0., 0., 0., 0., 0., 0., 1., 0., 0., 0.,
       0., 0., 0., 1., 0., 0., 0., 0., 0., 0., 1., 0., 0., 0., 0., 0., 0.,
       1., 0., 0., 0., 0., 0., 0., 1., 0., 0., 0., 0., 0., 0., 1., 0., 0.,
       0., 0., 0.], dtype=float32), array([5., 6., 0., 0., 1., 0., 0., 1., 0., 1., 0., 0., 0., 0., 0., 0., 1.,
       0., 0., 0., 0., 0., 0., 1., 0., 0., 0., 0., 0., 0., 1., 0., 0., 0.,
       0., 0., 0., 1., 0., 0., 0., 0., 0., 0., 1., 0., 0., 0., 0., 0., 0.,
       1., 0., 0., 0., 0., 0., 0., 1., 0., 0., 0., 0., 0., 0., 1., 0., 0.,
       0., 0., 0.], dtype=float32))
	Rew: [np.float64(10.0), np.float64(-0.1)]
	Done: False
	Accumulated Rew: ['9.7', '-0.4']
	Team Reward (cumulative): 9.3
	Battery: [6.0, 7.0]
Episode 1, Step 5:
	Obs: (array([4., 9., 0., 0., 0., 0., 1., 1., 0., 1., 0., 0., 0., 0., 0., 0., 1.,
       0., 0., 0., 0., 0., 0., 1., 0., 0., 0., 0., 0., 0., 1., 0., 0., 0.,
       0., 0., 0., 1., 0., 0., 0., 0., 0., 0., 1., 0., 0., 0., 0., 0., 0.,
       1., 0., 0., 0., 0., 0., 0., 1., 0., 0., 0., 0., 0., 0., 1., 0., 0.,
       0., 0., 0.], dtype=float32), array([5., 7., 0., 0., 1., 0., 0., 1., 0., 1., 0., 0., 0., 0., 0., 0., 1.,
       0., 0., 0., 0., 0., 0., 1., 0., 0., 0., 0., 0., 0., 1., 0., 0., 0.,
       0., 0., 0., 1., 0., 0., 0., 0., 0., 0., 1., 0., 0., 0., 0., 0., 0.,
       1., 0., 0., 0., 0., 0., 0., 1., 0., 0., 0., 0., 0., 0., 1., 0., 0.,
       0., 0., 0.], dtype=float32))
	Rew: [np.float64(0.0), np.float64(-0.1)]
	Done: False
	Accumulated Rew: ['9.7', '-0.5']
	Team Reward (cumulative): 9.2
	Battery: [6.0, 6.0]
Episode 1, Step 6:
	Obs: (array([4., 9., 0., 0., 0., 0., 1., 1., 0., 1., 0., 0., 0., 0., 0., 0., 1.,
       0., 0., 0., 0., 0., 0., 1., 0., 0., 0., 0., 0., 0., 1., 0., 0., 0.,
       0., 0., 0., 1., 0., 0., 0., 0., 0., 0., 1., 0., 0., 0., 0., 0., 0.,
       1., 0., 0., 0., 0., 0., 0., 1., 0., 0., 0., 0., 0., 0., 1., 0., 0.,
       0., 0., 0.], dtype=float32), array([5., 8., 0., 0., 1., 0., 0., 1., 0., 1., 0., 0., 0., 0., 0., 0., 1.,
       0., 0., 0., 0., 0., 0., 1., 0., 0., 0., 0., 0., 0., 1., 0., 0., 0.,
       0., 0., 0., 1., 0., 0., 0., 0., 0., 0., 1., 0., 0., 0., 0., 0., 0.,
       1., 0., 0., 0., 0., 0., 0., 1., 0., 0., 0., 0., 0., 0., 1., 0., 0.,
       0., 0., 0.], dtype=float32))
	Rew: [np.float64(0.0), np.float64(-0.1)]
	Done: False
	Accumulated Rew: ['9.7', '-0.6']
	Team Reward (cumulative): 9.1
	Battery: [6.0, 5.0]
Episode 1, Step 7:
	Obs: (array([4., 9., 0., 0., 0., 0., 1., 1., 0., 1., 0., 0., 0., 0., 0., 0., 1.,
       0., 0., 0., 0., 0., 0., 1., 0., 0., 0., 0., 0., 0., 1., 0., 0., 0.,
       0., 0., 0., 1., 0., 0., 0., 0., 0., 0., 1., 0., 0., 0., 0., 0., 0.,
       1., 0., 0., 0., 0., 0., 0., 1., 0., 0., 0., 0., 0., 0., 1., 0., 0.,
       0., 0., 0.], dtype=float32), array([5., 9., 0., 0., 1., 0., 0., 1., 0., 1., 0., 0., 0., 0., 0., 0., 1.,
       0., 0., 0., 0., 0., 0., 1., 0., 0., 0., 0., 0., 0., 1., 0., 0., 0.,
       0., 0., 0., 1., 0., 0., 0., 0., 0., 0., 1., 0., 0., 0., 0., 0., 0.,
       1., 0., 0., 0., 0., 0., 0., 1., 0., 0., 0., 0., 0., 0., 1., 0., 0.,
       0., 0., 0.], dtype=float32))
	Rew: [np.float64(0.0), np.float64(10.0)]
	Done: True
	Accumulated Rew: ['9.7', '9.4']
	Team Reward (cumulative): 69.1
	Battery: [6.0, 4.0]
Episode finished. Episodic returns: [9.7 9.4]Team Reward (cumulative): 69.1Episode 2, Step 1:
	Obs: (array([8., 8., 0., 0., 0., 1., 0., 1., 0., 1., 0., 0., 0., 1., 0., 0., 1.,
       0., 0., 0., 1., 0., 0., 1., 0., 0., 0., 0., 0., 0., 1., 0., 0., 0.,
       0., 0., 0., 1., 0., 0., 0., 0., 0., 1., 0., 0., 1., 0., 0., 0., 0.,
       1., 0., 0., 0., 0., 0., 0., 1., 0., 0., 0., 0., 0., 0., 1., 0., 0.,
       0., 0., 0.], dtype=float32), array([2., 4., 0., 0., 0., 0., 1., 1., 0., 1., 0., 0., 0., 1., 0., 0., 1.,
       0., 0., 0., 1., 0., 0., 1., 0., 0., 0., 0., 0., 0., 1., 0., 0., 0.,
       0., 0., 1., 0., 0., 0., 1., 0., 0., 0., 1., 0., 0., 0., 0., 0., 0.,
       1., 0., 0., 0., 1., 0., 0., 1., 0., 0., 0., 1., 0., 0., 1., 0., 0.,
       0., 0., 0.], dtype=float32))
	Rew: [np.float64(-0.1), np.float64(-0.1)]
	Done: False
	Accumulated Rew: ['-0.1', '-0.1']
	Team Reward (cumulative): 68.9
	Battery: [5.0, 4.0]
Episode 2, Step 2:
	Obs: (array([7., 8., 0., 0., 0., 1., 0., 1., 0., 1., 0., 0., 0., 0., 0., 0., 1.,
       0., 0., 0., 1., 0., 0., 1., 0., 0., 0., 1., 0., 0., 1., 0., 0., 0.,
       0., 0., 0., 1., 0., 0., 0., 0., 0., 0., 1., 0., 0., 0., 0., 0., 0.,
       1., 0., 0., 0., 0., 0., 0., 1., 0., 0., 0., 0., 0., 0., 1., 0., 0.,
       0., 0., 0.], dtype=float32), array([3., 4., 0., 0., 0., 0., 1., 1., 0., 1., 0., 0., 0., 1., 0., 0., 1.,
       0., 0., 0., 0., 0., 0., 1., 0., 0., 0., 1., 0., 1., 0., 0., 0., 1.,
       0., 0., 0., 1., 0., 0., 0., 0., 0., 0., 1., 0., 0., 0., 0., 0., 0.,
       1., 0., 0., 0., 1., 0., 0., 1., 0., 0., 0., 0., 0., 0., 1., 0., 0.,
       0., 0., 0.], dtype=float32))
	Rew: [np.float64(-0.1), np.float64(-0.1)]
	Done: False
	Accumulated Rew: ['-0.2', '-0.2']
	Team Reward (cumulative): 68.7
	Battery: [4.0, 3.0]
Episode 2, Step 3:
	Obs: (array([6., 8., 0., 0., 0., 1., 0., 1., 0., 1., 0., 0., 0., 0., 0., 0., 1.,
       0., 0., 0., 0., 0., 0., 1., 0., 0., 0., 1., 0., 0., 1., 0., 0., 0.,
       0., 0., 0., 1., 0., 0., 0., 0., 0., 0., 1., 0., 0., 0., 0., 0., 0.,
       1., 0., 0., 0., 0., 0., 0., 1., 0., 0., 0., 0., 0., 0., 1., 0., 0.,
       0., 0., 0.], dtype=float32), array([4., 4., 0., 0., 0., 0., 1., 1., 0., 1., 0., 0., 0., 0., 0., 0., 1.,
       0., 0., 0., 1., 0., 0., 1., 0., 0., 0., 1., 0., 0., 1., 0., 0., 0.,
       0., 0., 0., 1., 0., 0., 0., 0., 0., 0., 1., 0., 0., 0., 0., 0., 0.,
       1., 0., 0., 0., 0., 0., 0., 1., 0., 0., 0., 0., 0., 0., 1., 0., 0.,
       0., 0., 0.], dtype=float32))
	Rew: [np.float64(-0.1), np.float64(-0.1)]
	Done: False
	Accumulated Rew: ['-0.3', '-0.3']
	Team Reward (cumulative): 68.5
	Battery: [3.0, 10]
Episode 2, Step 4:
	Obs: (array([5., 8., 0., 0., 0., 1., 0., 1., 0., 1., 0., 0., 0., 0., 0., 0., 1.,
       0., 0., 0., 0., 0., 0., 1., 0., 0., 0., 0., 0., 0., 1., 0., 0., 0.,
       0., 0., 0., 1., 0., 0., 0., 0., 0., 0., 1., 0., 0., 0., 0., 0., 0.,
       1., 0., 0., 0., 0., 0., 0., 1., 0., 0., 0., 0., 0., 0., 1., 0., 0.,
       0., 0., 0.], dtype=float32), array([5., 4., 0., 0., 0., 0., 1., 1., 0., 1., 0., 0., 0., 1., 0., 0., 1.,
       0., 0., 0., 1., 0., 0., 1., 0., 0., 0., 0., 0., 0., 1., 0., 0., 0.,
       0., 0., 0., 1., 0., 0., 0., 0., 0., 0., 1., 0., 0., 0., 0., 0., 0.,
       1., 0., 0., 0., 0., 0., 0., 1., 0., 0., 0., 0., 0., 0., 1., 0., 0.,
       0., 0., 0.], dtype=float32))
	Rew: [np.float64(-0.1), np.float64(-0.1)]
	Done: False
	Accumulated Rew: ['-0.4', '-0.4']
	Team Reward (cumulative): 68.3
	Battery: [2.0, 10]
Episode 2, Step 5:
	Obs: (array([4., 8., 0., 0., 0., 1., 0., 1., 0., 1., 0., 0., 0., 0., 0., 0., 1.,
       0., 0., 0., 0., 0., 0., 1., 0., 0., 0., 0., 0., 0., 1., 0., 0., 0.,
       0., 0., 0., 1., 0., 0., 0., 0., 0., 0., 1., 0., 0., 0., 0., 0., 0.,
       1., 0., 0., 0., 0., 0., 0., 1., 0., 0., 0., 0., 0., 0., 1., 0., 0.,
       0., 0., 0.], dtype=float32), array([5., 4., 0., 0., 1., 0., 0., 1., 0., 1., 0., 0., 0., 1., 0., 0., 1.,
       0., 0., 0., 1., 0., 0., 1., 0., 0., 0., 0., 0., 0., 1., 0., 0., 0.,
       0., 0., 0., 1., 0., 0., 0., 0., 0., 0., 1., 0., 0., 0., 0., 0., 0.,
       1., 0., 0., 0., 0., 0., 0., 1., 0., 0., 0., 0., 0., 0., 1., 0., 0.,
       0., 0., 0.], dtype=float32))
	Rew: [np.float64(-0.1), np.float64(-0.1)]
	Done: False
	Accumulated Rew: ['-0.5', '-0.5']
	Team Reward (cumulative): 68.1
	Battery: [1.0, 10]
Episode 2, Step 6:
	Obs: (array([4., 8., 0., 0., 1., 0., 0., 1., 0., 1., 0., 0., 0., 0., 0., 0., 1.,
       0., 0., 0., 0., 0., 0., 1., 0., 0., 0., 0., 0., 0., 1., 0., 0., 0.,
       0., 0., 0., 1., 0., 0., 0., 0., 0., 0., 1., 0., 0., 0., 0., 0., 0.,
       1., 0., 0., 0., 0., 0., 0., 1., 0., 0., 0., 0., 0., 0., 1., 0., 0.,
       0., 0., 0.], dtype=float32), array([5., 5., 0., 0., 1., 0., 0., 1., 0., 1., 0., 0., 0., 0., 0., 0., 1.,
       0., 0., 0., 0., 0., 0., 1., 0., 0., 0., 0., 0., 0., 1., 0., 0., 0.,
       0., 0., 0., 1., 0., 0., 0., 0., 0., 0., 1., 0., 0., 0., 0., 0., 0.,
       1., 0., 0., 0., 0., 0., 0., 1., 0., 0., 0., 0., 0., 0., 1., 0., 0.,
       0., 0., 0.], dtype=float32))
	Rew: [np.float64(-0.1), np.float64(-0.1)]
	Done: False
	Accumulated Rew: ['-0.6', '-0.6']
	Team Reward (cumulative): 67.9
	Battery: [1.0, 9.0]
Episode 2, Step 7:
	Obs: (array([4., 9., 0., 0., 1., 0., 0., 1., 0., 1., 0., 0., 0., 0., 0., 0., 1.,
       0., 0., 0., 0., 0., 0., 1., 0., 0., 0., 0., 0., 0., 1., 0., 0., 0.,
       0., 0., 0., 1., 0., 0., 0., 0., 0., 0., 1., 0., 0., 0., 0., 0., 0.,
       1., 0., 0., 0., 0., 0., 0., 1., 0., 0., 0., 0., 0., 0., 1., 0., 0.,
       0., 0., 0.], dtype=float32), array([5., 6., 0., 0., 1., 0., 0., 1., 0., 1., 0., 0., 0., 0., 0., 0., 1.,
       0., 0., 0., 0., 0., 0., 1., 0., 0., 0., 0., 0., 0., 1., 0., 0., 0.,
       0., 0., 0., 1., 0., 0., 0., 0., 0., 0., 1., 0., 0., 0., 0., 0., 0.,
       1., 0., 0., 0., 0., 0., 0., 1., 0., 0., 0., 0., 0., 0., 1., 0., 0.,
       0., 0., 0.], dtype=float32))
	Rew: [np.float64(10.0), np.float64(-0.1)]
	Done: False
	Accumulated Rew: ['9.4', '-0.7']
	Team Reward (cumulative): 77.8
	Battery: [0, 8.0]
Episode 2, Step 8:
	Obs: (array([4., 9., 0., 0., 1., 0., 0., 1., 0., 1., 0., 0., 0., 0., 0., 0., 1.,
       0., 0., 0., 0., 0., 0., 1., 0., 0., 0., 0., 0., 0., 1., 0., 0., 0.,
       0., 0., 0., 1., 0., 0., 0., 0., 0., 0., 1., 0., 0., 0., 0., 0., 0.,
       1., 0., 0., 0., 0., 0., 0., 1., 0., 0., 0., 0., 0., 0., 1., 0., 0.,
       0., 0., 0.], dtype=float32), array([5., 7., 0., 0., 1., 0., 0., 1., 0., 1., 0., 0., 0., 0., 0., 0., 1.,
       0., 0., 0., 0., 0., 0., 1., 0., 0., 0., 0., 0., 0., 1., 0., 0., 0.,
       0., 0., 0., 1., 0., 0., 0., 0., 0., 0., 1., 0., 0., 0., 0., 0., 0.,
       1., 0., 0., 0., 0., 0., 0., 1., 0., 0., 0., 0., 0., 0., 1., 0., 0.,
       0., 0., 0.], dtype=float32))
	Rew: [np.float64(0.0), np.float64(-0.1)]
	Done: False
	Accumulated Rew: ['9.4', '-0.8']
	Team Reward (cumulative): 77.7
	Battery: [0, 7.0]
Episode 2, Step 9:
	Obs: (array([4., 9., 0., 0., 1., 0., 0., 1., 0., 1., 0., 0., 0., 0., 0., 0., 1.,
       0., 0., 0., 0., 0., 0., 1., 0., 0., 0., 0., 0., 0., 1., 0., 0., 0.,
       0., 0., 0., 1., 0., 0., 0., 0., 0., 0., 1., 0., 0., 0., 0., 0., 0.,
       1., 0., 0., 0., 0., 0., 0., 1., 0., 0., 0., 0., 0., 0., 1., 0., 0.,
       0., 0., 0.], dtype=float32), array([5., 8., 0., 0., 1., 0., 0., 1., 0., 1., 0., 0., 0., 0., 0., 0., 1.,
       0., 0., 0., 0., 0., 0., 1., 0., 0., 0., 0., 0., 0., 1., 0., 0., 0.,
       0., 0., 0., 1., 0., 0., 0., 0., 0., 0., 1., 0., 0., 0., 0., 0., 0.,
       1., 0., 0., 0., 0., 0., 0., 1., 0., 0., 0., 0., 0., 0., 1., 0., 0.,
       0., 0., 0.], dtype=float32))
	Rew: [np.float64(0.0), np.float64(-0.1)]
	Done: False
	Accumulated Rew: ['9.4', '-0.9']
	Team Reward (cumulative): 77.6
	Battery: [0, 6.0]
Episode 2, Step 10:
	Obs: (array([4., 9., 0., 0., 1., 0., 0., 1., 0., 1., 0., 0., 0., 0., 0., 0., 1.,
       0., 0., 0., 0., 0., 0., 1., 0., 0., 0., 0., 0., 0., 1., 0., 0., 0.,
       0., 0., 0., 1., 0., 0., 0., 0., 0., 0., 1., 0., 0., 0., 0., 0., 0.,
       1., 0., 0., 0., 0., 0., 0., 1., 0., 0., 0., 0., 0., 0., 1., 0., 0.,
       0., 0., 0.], dtype=float32), array([5., 9., 0., 0., 1., 0., 0., 1., 0., 1., 0., 0., 0., 0., 0., 0., 1.,
       0., 0., 0., 0., 0., 0., 1., 0., 0., 0., 0., 0., 0., 1., 0., 0., 0.,
       0., 0., 0., 1., 0., 0., 0., 0., 0., 0., 1., 0., 0., 0., 0., 0., 0.,
       1., 0., 0., 0., 0., 0., 0., 1., 0., 0., 0., 0., 0., 0., 1., 0., 0.,
       0., 0., 0.], dtype=float32))
	Rew: [np.float64(0.0), np.float64(10.0)]
	Done: True
	Accumulated Rew: ['9.4', '9.1']
	Team Reward (cumulative): 87.6
	Battery: [0, 5.0]
Episode finished. Episodic returns: [9.4 9.1]Team Reward (cumulative): 87.6Episode 3, Step 1:
	Obs: (array([7., 0., 0., 0., 0., 1., 0., 1., 0., 1., 0., 0., 0., 0., 0., 0., 1.,
       0., 0., 0., 0., 0., 0., 1., 0., 0., 0., 0., 0., 0., 1., 0., 0., 0.,
       0., 0., 1., 0., 0., 1., 0., 0., 0., 0., 1., 0., 0., 0., 0., 0., 0.,
       1., 0., 0., 0., 0., 0., 0., 1., 0., 0., 0., 1., 0., 0., 1., 0., 0.,
       0., 1., 0.], dtype=float32), array([0., 1., 0., 0., 1., 0., 0., 1., 0., 1., 0., 0., 0., 0., 0., 0., 1.,
       0., 0., 0., 0., 0., 0., 1., 0., 0., 0., 0., 0., 0., 1., 0., 0., 0.,
       0., 0., 1., 0., 1., 0., 0., 0., 0., 0., 1., 0., 0., 0., 1., 0., 0.,
       1., 0., 0., 0., 0., 0., 0., 1., 0., 0., 0., 0., 0., 0., 1., 0., 0.,
       0., 1., 0.], dtype=float32))
	Rew: [np.float64(-0.1), np.float64(-0.1)]
	Done: False
	Accumulated Rew: ['-0.1', '-0.1']
	Team Reward (cumulative): 87.4
	Battery: [0, 5.0]
Episode 3, Step 2:
	Obs: (array([6., 0., 0., 0., 0., 1., 0., 1., 0., 1., 0., 0., 0., 0., 0., 0., 1.,
       0., 0., 0., 0., 0., 0., 1., 0., 0., 0., 0., 0., 0., 1., 0., 0., 0.,
       0., 0., 0., 1., 0., 0., 0., 0., 0., 1., 0., 0., 1., 0., 0., 0., 0.,
       1., 0., 0., 0., 1., 0., 0., 1., 0., 0., 0., 0., 0., 0., 1., 0., 0.,
       0., 1., 0.], dtype=float32), array([0., 2., 0., 0., 1., 0., 0., 1., 0., 1., 0., 0., 0., 0., 0., 1., 0.,
       1., 0., 0., 0., 0., 0., 1., 0., 0., 0., 1., 0., 0., 1., 0., 0., 0.,
       0., 0., 0., 1., 0., 0., 0., 0., 0., 0., 1., 0., 0., 0., 1., 0., 0.,
       1., 0., 0., 0., 0., 0., 0., 1., 0., 0., 0., 0., 0., 0., 1., 0., 0.,
       0., 1., 0.], dtype=float32))
	Rew: [np.float64(-0.1), np.float64(-0.1)]
	Done: False
	Accumulated Rew: ['-0.2', '-0.2']
	Team Reward (cumulative): 87.2
	Battery: [0, 4.0]
Episode 3, Step 3:
	Obs: (array([6., 0., 0., 0., 1., 0., 0., 1., 0., 1., 0., 0., 0., 0., 0., 0., 1.,
       0., 0., 0., 0., 0., 0., 1., 0., 0., 0., 0., 0., 0., 1., 0., 0., 0.,
       0., 0., 0., 1., 0., 0., 0., 0., 0., 1., 0., 1., 0., 0., 0., 0., 0.,
       1., 0., 0., 0., 1., 0., 0., 1., 0., 0., 0., 0., 0., 0., 1., 0., 0.,
       0., 1., 0.], dtype=float32), array([0., 3., 0., 0., 1., 0., 0., 1., 0., 1., 0., 0., 0., 0., 0., 0., 1.,
       0., 0., 0., 0., 0., 0., 1., 0., 0., 0., 1., 0., 0., 1., 0., 0., 0.,
       0., 0., 0., 1., 0., 0., 0., 0., 0., 0., 1., 0., 0., 0., 1., 0., 0.,
       1., 0., 0., 0., 0., 0., 0., 1., 0., 0., 0., 0., 0., 0., 1., 0., 0.,
       0., 0., 0.], dtype=float32))
	Rew: [np.float64(-0.1), np.float64(-0.1)]
	Done: False
	Accumulated Rew: ['-0.3', '-0.3']
	Team Reward (cumulative): 87.0
	Battery: [0, 3.0]
Episode 3, Step 4:
	Obs: (array([6., 1., 0., 0., 1., 0., 0., 1., 0., 1., 0., 0., 0., 0., 0., 0., 1.,
       0., 0., 0., 0., 0., 1., 0., 1., 0., 0., 0., 0., 0., 1., 0., 0., 0.,
       1., 0., 0., 1., 0., 0., 0., 0., 0., 0., 1., 0., 0., 0., 1., 0., 0.,
       1., 0., 0., 0., 1., 0., 0., 1., 0., 0., 0., 0., 0., 0., 1., 0., 0.,
       0., 1., 0.], dtype=float32), array([0., 4., 0., 0., 1., 0., 0., 1., 0., 1., 0., 0., 0., 0., 0., 0., 1.,
       0., 0., 0., 0., 0., 0., 1., 0., 0., 0., 1., 0., 0., 1., 0., 0., 0.,
       0., 0., 0., 1., 0., 0., 0., 0., 0., 0., 1., 0., 0., 0., 0., 0., 0.,
       1., 0., 0., 0., 0., 0., 0., 1., 0., 0., 0., 0., 0., 0., 1., 0., 0.,
       0., 1., 0.], dtype=float32))
	Rew: [np.float64(-0.1), np.float64(-0.1)]
	Done: False
	Accumulated Rew: ['-0.4', '-0.4']
	Team Reward (cumulative): 86.8
	Battery: [0, 2.0]
Episode 3, Step 5:
	Obs: (array([6., 2., 0., 0., 1., 0., 0., 1., 0., 1., 0., 0., 0., 1., 0., 0., 1.,
       0., 0., 0., 0., 0., 0., 1., 0., 0., 0., 1., 0., 0., 1., 0., 0., 0.,
       1., 0., 0., 1., 0., 0., 0., 0., 0., 0., 1., 0., 0., 0., 1., 0., 0.,
       1., 0., 0., 0., 1., 0., 0., 1., 0., 0., 0., 0., 0., 0., 1., 0., 0.,
       0., 1., 0.], dtype=float32), array([0., 4., 0., 0., 0., 0., 1., 1., 0., 1., 0., 0., 0., 0., 0., 0., 1.,
       0., 0., 0., 0., 0., 0., 1., 0., 0., 0., 1., 0., 0., 1., 0., 0., 0.,
       0., 0., 0., 1., 0., 0., 0., 0., 0., 0., 1., 0., 0., 0., 0., 0., 0.,
       1., 0., 0., 0., 0., 0., 0., 1., 0., 0., 0., 0., 0., 0., 1., 0., 0.,
       0., 1., 0.], dtype=float32))
	Rew: [np.float64(-0.1), np.float64(-0.1)]
	Done: False
	Accumulated Rew: ['-0.5', '-0.5']
	Team Reward (cumulative): 86.6
	Battery: [0, 2.0]
Episode 3, Step 6:
	Obs: (array([6., 3., 0., 0., 1., 0., 0., 1., 0., 1., 0., 0., 0., 1., 0., 0., 1.,
       0., 0., 0., 0., 0., 0., 1., 0., 0., 0., 1., 0., 0., 1., 0., 0., 0.,
       1., 0., 0., 1., 0., 0., 0., 0., 0., 0., 1., 0., 0., 0., 1., 0., 0.,
       1., 0., 0., 0., 0., 0., 0., 1., 0., 0., 0., 0., 0., 0., 1., 0., 0.,
       0., 0., 0.], dtype=float32), array([1., 4., 0., 0., 0., 0., 1., 1., 0., 1., 0., 0., 0., 0., 0., 0., 1.,
       0., 0., 0., 1., 0., 0., 1., 0., 0., 0., 1., 0., 0., 1., 0., 0., 0.,
       0., 0., 0., 1., 0., 0., 0., 0., 0., 0., 1., 0., 0., 0., 0., 0., 0.,
       1., 0., 0., 0., 0., 0., 0., 1., 0., 0., 0., 1., 0., 0., 1., 0., 0.,
       0., 1., 0.], dtype=float32))
	Rew: [np.float64(-0.1), np.float64(-0.1)]
	Done: False
	Accumulated Rew: ['-0.6', '-0.6']
	Team Reward (cumulative): 86.4
	Battery: [0, 1.0]
Episode 3, Step 7:
	Obs: (array([6., 4., 0., 0., 1., 0., 0., 1., 0., 1., 0., 0., 0., 1., 0., 0., 1.,
       0., 0., 0., 0., 0., 0., 1., 0., 0., 0., 1., 0., 0., 1., 0., 0., 0.,
       0., 0., 0., 1., 0., 0., 0., 0., 0., 0., 1., 0., 0., 0., 0., 0., 0.,
       1., 0., 0., 0., 0., 0., 0., 1., 0., 0., 0., 0., 0., 0., 1., 0., 0.,
       0., 1., 0.], dtype=float32), array([2., 4., 0., 0., 0., 0., 1., 1., 0., 1., 0., 0., 0., 1., 0., 0., 1.,
       0., 0., 0., 1., 0., 0., 1., 0., 0., 0., 0., 0., 0., 1., 0., 0., 0.,
       0., 0., 0., 1., 0., 0., 0., 0., 0., 0., 1., 0., 0., 0., 0., 0., 0.,
       1., 0., 0., 0., 1., 0., 0., 1., 0., 0., 0., 1., 0., 0., 1., 0., 0.,
       0., 0., 0.], dtype=float32))
	Rew: [np.float64(-0.1), np.float64(-0.1)]
	Done: False
	Accumulated Rew: ['-0.7', '-0.7']
	Team Reward (cumulative): 86.2
	Battery: [0, 0]
Episode 3, Step 8:
	Obs: (array([6., 4., 0., 0., 0., 1., 0., 1., 0., 1., 0., 0., 0., 1., 0., 0., 1.,
       0., 0., 0., 0., 0., 0., 1., 0., 0., 0., 1., 0., 0., 1., 0., 0., 0.,
       0., 0., 0., 1., 0., 0., 0., 0., 0., 0., 1., 0., 0., 0., 0., 0., 0.,
       1., 0., 0., 0., 0., 0., 0., 1., 0., 0., 0., 0., 0., 0., 1., 0., 0.,
       0., 1., 0.], dtype=float32), array([3., 4., 0., 0., 0., 0., 1., 1., 0., 1., 0., 0., 0., 1., 0., 0., 1.,
       0., 0., 0., 0., 0., 0., 1., 0., 0., 0., 1., 0., 0., 1., 0., 0., 0.,
       0., 0., 0., 1., 0., 0., 0., 0., 0., 0., 1., 0., 0., 0., 0., 0., 0.,
       1., 0., 0., 0., 1., 0., 0., 1., 0., 0., 0., 0., 0., 0., 1., 0., 0.,
       0., 0., 0.], dtype=float32))
	Rew: [np.float64(-0.1), np.float64(-0.1)]
	Done: False
	Accumulated Rew: ['-0.8', '-0.8']
	Team Reward (cumulative): 86.0
	Battery: [0, 0]
Episode 3, Step 9:
	Obs: (array([5., 4., 0., 0., 0., 1., 0., 1., 0., 1., 0., 0., 0., 1., 0., 0., 1.,
       0., 0., 0., 1., 0., 0., 1., 0., 0., 0., 0., 0., 0., 1., 0., 0., 0.,
       0., 0., 0., 1., 0., 0., 0., 0., 0., 0., 1., 0., 0., 0., 0., 0., 0.,
       1., 0., 0., 0., 0., 0., 0., 1., 0., 0., 0., 0., 0., 0., 1., 0., 0.,
       0., 0., 0.], dtype=float32), array([4., 4., 0., 0., 0., 0., 1., 1., 0., 1., 0., 0., 0., 0., 0., 0., 1.,
       0., 0., 0., 1., 0., 0., 1., 0., 0., 0., 1., 0., 0., 1., 0., 0., 0.,
       0., 0., 0., 1., 0., 0., 0., 0., 0., 0., 1., 0., 0., 0., 0., 0., 0.,
       1., 0., 0., 0., 0., 0., 0., 1., 0., 0., 0., 0., 0., 0., 1., 0., 0.,
       0., 0., 0.], dtype=float32))
	Rew: [np.float64(-0.1), np.float64(-0.1)]
	Done: False
	Accumulated Rew: ['-0.9', '-0.9']
	Team Reward (cumulative): 85.8
	Battery: [10, 10]
Episode 3, Step 10:
	Obs: (array([5., 4., 0., 0., 1., 0., 0., 1., 0., 1., 0., 0., 0., 1., 0., 0., 1.,
       0., 0., 0., 1., 0., 0., 1., 0., 0., 0., 0., 0., 0., 1., 0., 0., 0.,
       0., 0., 0., 1., 0., 0., 0., 0., 0., 0., 1., 0., 0., 0., 0., 0., 0.,
       1., 0., 0., 0., 0., 0., 0., 1., 0., 0., 0., 0., 0., 0., 1., 0., 0.,
       0., 0., 0.], dtype=float32), array([4., 4., 0., 0., 1., 0., 0., 1., 0., 1., 0., 0., 0., 0., 0., 0., 1.,
       0., 0., 0., 1., 0., 0., 1., 0., 0., 0., 1., 0., 0., 1., 0., 0., 0.,
       0., 0., 0., 1., 0., 0., 0., 0., 0., 0., 1., 0., 0., 0., 0., 0., 0.,
       1., 0., 0., 0., 0., 0., 0., 1., 0., 0., 0., 0., 0., 0., 1., 0., 0.,
       0., 0., 0.], dtype=float32))
	Rew: [np.float64(-0.1), np.float64(-0.1)]
	Done: False
	Accumulated Rew: ['-1.0', '-1.0']
	Team Reward (cumulative): 85.6
	Battery: [10, 10]
Episode 3, Step 11:
	Obs: (array([5., 5., 0., 0., 1., 0., 0., 1., 0., 1., 0., 0., 0., 0., 0., 0., 1.,
       0., 0., 0., 0., 0., 0., 1., 0., 0., 0., 0., 0., 0., 1., 0., 0., 0.,
       0., 0., 0., 1., 0., 0., 0., 0., 0., 0., 1., 0., 0., 0., 0., 0., 0.,
       1., 0., 0., 0., 0., 0., 0., 1., 0., 0., 0., 0., 0., 0., 1., 0., 0.,
       0., 0., 0.], dtype=float32), array([4., 5., 0., 0., 1., 0., 0., 1., 0., 1., 0., 0., 0., 0., 0., 0., 1.,
       0., 0., 0., 0., 0., 0., 1., 0., 0., 0., 0., 0., 0., 1., 0., 0., 0.,
       0., 0., 0., 1., 0., 0., 0., 0., 0., 0., 1., 0., 0., 0., 0., 0., 0.,
       1., 0., 0., 0., 0., 0., 0., 1., 0., 0., 0., 0., 0., 0., 1., 0., 0.,
       0., 0., 0.], dtype=float32))
	Rew: [np.float64(-0.1), np.float64(-0.1)]
	Done: False
	Accumulated Rew: ['-1.1', '-1.1']
	Team Reward (cumulative): 85.4
	Battery: [9.0, 9.0]
Episode 3, Step 12:
	Obs: (array([5., 6., 0., 0., 1., 0., 0., 1., 0., 1., 0., 0., 0., 0., 0., 0., 1.,
       0., 0., 0., 0., 0., 0., 1., 0., 0., 0., 0., 0., 0., 1., 0., 0., 0.,
       0., 0., 0., 1., 0., 0., 0., 0., 0., 0., 1., 0., 0., 0., 0., 0., 0.,
       1., 0., 0., 0., 0., 0., 0., 1., 0., 0., 0., 0., 0., 0., 1., 0., 0.,
       0., 0., 0.], dtype=float32), array([4., 6., 0., 0., 1., 0., 0., 1., 0., 1., 0., 0., 0., 0., 0., 0., 1.,
       0., 0., 0., 0., 0., 0., 1., 0., 0., 0., 0., 0., 0., 1., 0., 0., 0.,
       0., 0., 0., 1., 0., 0., 0., 0., 0., 0., 1., 0., 0., 0., 0., 0., 0.,
       1., 0., 0., 0., 0., 0., 0., 1., 0., 0., 0., 0., 0., 0., 1., 0., 0.,
       0., 0., 0.], dtype=float32))
	Rew: [np.float64(-0.1), np.float64(-0.1)]
	Done: False
	Accumulated Rew: ['-1.2', '-1.2']
	Team Reward (cumulative): 85.2
	Battery: [8.0, 8.0]
Episode 3, Step 13:
	Obs: (array([5., 7., 0., 0., 1., 0., 0., 1., 0., 1., 0., 0., 0., 0., 0., 0., 1.,
       0., 0., 0., 0., 0., 0., 1., 0., 0., 0., 0., 0., 0., 1., 0., 0., 0.,
       0., 0., 0., 1., 0., 0., 0., 0., 0., 0., 1., 0., 0., 0., 0., 0., 0.,
       1., 0., 0., 0., 0., 0., 0., 1., 0., 0., 0., 0., 0., 0., 1., 0., 0.,
       0., 0., 0.], dtype=float32), array([4., 7., 0., 0., 1., 0., 0., 1., 0., 1., 0., 0., 0., 0., 0., 0., 1.,
       0., 0., 0., 0., 0., 0., 1., 0., 0., 0., 0., 0., 0., 1., 0., 0., 0.,
       0., 0., 0., 1., 0., 0., 0., 0., 0., 0., 1., 0., 0., 0., 0., 0., 0.,
       1., 0., 0., 0., 0., 0., 0., 1., 0., 0., 0., 0., 0., 0., 1., 0., 0.,
       0., 0., 0.], dtype=float32))
	Rew: [np.float64(-0.1), np.float64(-0.1)]
	Done: False
	Accumulated Rew: ['-1.3', '-1.3']
	Team Reward (cumulative): 85.0
	Battery: [7.0, 7.0]
Episode 3, Step 14:
	Obs: (array([5., 8., 0., 0., 1., 0., 0., 1., 0., 1., 0., 0., 0., 0., 0., 0., 1.,
       0., 0., 0., 0., 0., 0., 1., 0., 0., 0., 0., 0., 0., 1., 0., 0., 0.,
       0., 0., 0., 1., 0., 0., 0., 0., 0., 0., 1., 0., 0., 0., 0., 0., 0.,
       1., 0., 0., 0., 0., 0., 0., 1., 0., 0., 0., 0., 0., 0., 1., 0., 0.,
       0., 0., 0.], dtype=float32), array([4., 8., 0., 0., 1., 0., 0., 1., 0., 1., 0., 0., 0., 0., 0., 0., 1.,
       0., 0., 0., 0., 0., 0., 1., 0., 0., 0., 0., 0., 0., 1., 0., 0., 0.,
       0., 0., 0., 1., 0., 0., 0., 0., 0., 0., 1., 0., 0., 0., 0., 0., 0.,
       1., 0., 0., 0., 0., 0., 0., 1., 0., 0., 0., 0., 0., 0., 1., 0., 0.,
       0., 0., 0.], dtype=float32))
	Rew: [np.float64(-0.1), np.float64(-0.1)]
	Done: False
	Accumulated Rew: ['-1.4', '-1.4']
	Team Reward (cumulative): 84.8
	Battery: [6.0, 6.0]
Episode 3, Step 15:
	Obs: (array([5., 9., 0., 0., 1., 0., 0., 1., 0., 1., 0., 0., 0., 0., 0., 0., 1.,
       0., 0., 0., 0., 0., 0., 1., 0., 0., 0., 0., 0., 0., 1., 0., 0., 0.,
       0., 0., 0., 1., 0., 0., 0., 0., 0., 0., 1., 0., 0., 0., 0., 0., 0.,
       1., 0., 0., 0., 0., 0., 0., 1., 0., 0., 0., 0., 0., 0., 1., 0., 0.,
       0., 0., 0.], dtype=float32), array([4., 9., 0., 0., 1., 0., 0., 1., 0., 1., 0., 0., 0., 0., 0., 0., 1.,
       0., 0., 0., 0., 0., 0., 1., 0., 0., 0., 0., 0., 0., 1., 0., 0., 0.,
       0., 0., 0., 1., 0., 0., 0., 0., 0., 0., 1., 0., 0., 0., 0., 0., 0.,
       1., 0., 0., 0., 0., 0., 0., 1., 0., 0., 0., 0., 0., 0., 1., 0., 0.,
       0., 0., 0.], dtype=float32))
	Rew: [np.float64(-0.1), np.float64(-0.1)]
	Done: False
	Accumulated Rew: ['-1.5', '-1.5']
	Team Reward (cumulative): 84.6
	Battery: [5.0, 5.0]
Episode 3, Step 16:
	Obs: (array([5., 9., 0., 0., 1., 0., 0., 1., 0., 1., 0., 0., 0., 0., 0., 0., 1.,
       0., 0., 0., 0., 0., 0., 1., 0., 0., 0., 0., 0., 0., 1., 0., 0., 0.,
       0., 0., 0., 1., 0., 0., 0., 0., 0., 0., 1., 0., 0., 0., 0., 0., 0.,
       1., 0., 0., 0., 0., 0., 0., 1., 0., 0., 0., 0., 0., 0., 1., 0., 0.,
       0., 0., 0.], dtype=float32), array([4., 9., 0., 0., 1., 0., 0., 1., 0., 1., 0., 0., 0., 0., 0., 0., 1.,
       0., 0., 0., 0., 0., 0., 1., 0., 0., 0., 0., 0., 0., 1., 0., 0., 0.,
       0., 0., 0., 1., 0., 0., 0., 0., 0., 0., 1., 0., 0., 0., 0., 0., 0.,
       1., 0., 0., 0., 0., 0., 0., 1., 0., 0., 0., 0., 0., 0., 1., 0., 0.,
       0., 0., 0.], dtype=float32))
	Rew: [np.float64(-0.1), np.float64(-0.1)]
	Done: False
	Accumulated Rew: ['-1.6', '-1.6']
	Team Reward (cumulative): 84.4
	Battery: [5.0, 5.0]
Episode 3, Step 17:
	Obs: (array([5., 9., 0., 0., 1., 0., 0., 1., 0., 1., 0., 0., 0., 0., 0., 0., 1.,
       0., 0., 0., 0., 0., 0., 1., 0., 0., 0., 0., 0., 0., 1., 0., 0., 0.,
       0., 0., 0., 1., 0., 0., 0., 0., 0., 0., 1., 0., 0., 0., 0., 0., 0.,
       1., 0., 0., 0., 0., 0., 0., 1., 0., 0., 0., 0., 0., 0., 1., 0., 0.,
       0., 0., 0.], dtype=float32), array([4., 9., 0., 0., 1., 0., 0., 1., 0., 1., 0., 0., 0., 0., 0., 0., 1.,
       0., 0., 0., 0., 0., 0., 1., 0., 0., 0., 0., 0., 0., 1., 0., 0., 0.,
       0., 0., 0., 1., 0., 0., 0., 0., 0., 0., 1., 0., 0., 0., 0., 0., 0.,
       1., 0., 0., 0., 0., 0., 0., 1., 0., 0., 0., 0., 0., 0., 1., 0., 0.,
       0., 0., 0.], dtype=float32))
	Rew: [np.float64(-0.1), np.float64(-0.1)]
	Done: False
	Accumulated Rew: ['-1.7', '-1.7']
	Team Reward (cumulative): 84.2
	Battery: [5.0, 5.0]
Episode 3, Step 18:
	Obs: (array([5., 9., 0., 0., 1., 0., 0., 1., 0., 1., 0., 0., 0., 0., 0., 0., 1.,
       0., 0., 0., 0., 0., 0., 1., 0., 0., 0., 0., 0., 0., 1., 0., 0., 0.,
       0., 0., 0., 1., 0., 0., 0., 0., 0., 0., 1., 0., 0., 0., 0., 0., 0.,
       1., 0., 0., 0., 0., 0., 0., 1., 0., 0., 0., 0., 0., 0., 1., 0., 0.,
       0., 0., 0.], dtype=float32), array([4., 9., 0., 0., 1., 0., 0., 1., 0., 1., 0., 0., 0., 0., 0., 0., 1.,
       0., 0., 0., 0., 0., 0., 1., 0., 0., 0., 0., 0., 0., 1., 0., 0., 0.,
       0., 0., 0., 1., 0., 0., 0., 0., 0., 0., 1., 0., 0., 0., 0., 0., 0.,
       1., 0., 0., 0., 0., 0., 0., 1., 0., 0., 0., 0., 0., 0., 1., 0., 0.,
       0., 0., 0.], dtype=float32))
	Rew: [np.float64(-0.1), np.float64(-0.1)]
	Done: False
	Accumulated Rew: ['-1.8', '-1.8']
	Team Reward (cumulative): 84.0
	Battery: [5.0, 5.0]
Episode 3, Step 19:
	Obs: (array([5., 9., 0., 0., 1., 0., 0., 1., 0., 1., 0., 0., 0., 0., 0., 0., 1.,
       0., 0., 0., 0., 0., 0., 1., 0., 0., 0., 0., 0., 0., 1., 0., 0., 0.,
       0., 0., 0., 1., 0., 0., 0., 0., 0., 0., 1., 0., 0., 0., 0., 0., 0.,
       1., 0., 0., 0., 0., 0., 0., 1., 0., 0., 0., 0., 0., 0., 1., 0., 0.,
       0., 0., 0.], dtype=float32), array([4., 9., 0., 0., 1., 0., 0., 1., 0., 1., 0., 0., 0., 0., 0., 0., 1.,
       0., 0., 0., 0., 0., 0., 1., 0., 0., 0., 0., 0., 0., 1., 0., 0., 0.,
       0., 0., 0., 1., 0., 0., 0., 0., 0., 0., 1., 0., 0., 0., 0., 0., 0.,
       1., 0., 0., 0., 0., 0., 0., 1., 0., 0., 0., 0., 0., 0., 1., 0., 0.,
       0., 0., 0.], dtype=float32))
	Rew: [np.float64(-0.1), np.float64(-0.1)]
	Done: False
	Accumulated Rew: ['-1.9', '-1.9']
	Team Reward (cumulative): 83.8
	Battery: [5.0, 5.0]
Episode 3, Step 20:
	Obs: (array([5., 9., 0., 0., 1., 0., 0., 1., 0., 1., 0., 0., 0., 0., 0., 0., 1.,
       0., 0., 0., 0., 0., 0., 1., 0., 0., 0., 0., 0., 0., 1., 0., 0., 0.,
       0., 0., 0., 1., 0., 0., 0., 0., 0., 0., 1., 0., 0., 0., 0., 0., 0.,
       1., 0., 0., 0., 0., 0., 0., 1., 0., 0., 0., 0., 0., 0., 1., 0., 0.,
       0., 0., 0.], dtype=float32), array([4., 9., 0., 0., 1., 0., 0., 1., 0., 1., 0., 0., 0., 0., 0., 0., 1.,
       0., 0., 0., 0., 0., 0., 1., 0., 0., 0., 0., 0., 0., 1., 0., 0., 0.,
       0., 0., 0., 1., 0., 0., 0., 0., 0., 0., 1., 0., 0., 0., 0., 0., 0.,
       1., 0., 0., 0., 0., 0., 0., 1., 0., 0., 0., 0., 0., 0., 1., 0., 0.,
       0., 0., 0.], dtype=float32))
	Rew: [np.float64(-0.1), np.float64(-0.1)]
	Done: False
	Accumulated Rew: ['-2.0', '-2.0']
	Team Reward (cumulative): 83.6
	Battery: [5.0, 5.0]
Episode 3, Step 21:
	Obs: (array([5., 9., 0., 0., 1., 0., 0., 1., 0., 1., 0., 0., 0., 0., 0., 0., 1.,
       0., 0., 0., 0., 0., 0., 1., 0., 0., 0., 0., 0., 0., 1., 0., 0., 0.,
       0., 0., 0., 1., 0., 0., 0., 0., 0., 0., 1., 0., 0., 0., 0., 0., 0.,
       1., 0., 0., 0., 0., 0., 0., 1., 0., 0., 0., 0., 0., 0., 1., 0., 0.,
       0., 0., 0.], dtype=float32), array([4., 9., 0., 0., 1., 0., 0., 1., 0., 1., 0., 0., 0., 0., 0., 0., 1.,
       0., 0., 0., 0., 0., 0., 1., 0., 0., 0., 0., 0., 0., 1., 0., 0., 0.,
       0., 0., 0., 1., 0., 0., 0., 0., 0., 0., 1., 0., 0., 0., 0., 0., 0.,
       1., 0., 0., 0., 0., 0., 0., 1., 0., 0., 0., 0., 0., 0., 1., 0., 0.,
       0., 0., 0.], dtype=float32))
	Rew: [np.float64(-0.1), np.float64(-0.1)]
	Done: False
	Accumulated Rew: ['-2.1', '-2.1']
	Team Reward (cumulative): 83.4
	Battery: [5.0, 5.0]
Episode 3, Step 22:
	Obs: (array([5., 9., 0., 0., 1., 0., 0., 1., 0., 1., 0., 0., 0., 0., 0., 0., 1.,
       0., 0., 0., 0., 0., 0., 1., 0., 0., 0., 0., 0., 0., 1., 0., 0., 0.,
       0., 0., 0., 1., 0., 0., 0., 0., 0., 0., 1., 0., 0., 0., 0., 0., 0.,
       1., 0., 0., 0., 0., 0., 0., 1., 0., 0., 0., 0., 0., 0., 1., 0., 0.,
       0., 0., 0.], dtype=float32), array([4., 9., 0., 0., 1., 0., 0., 1., 0., 1., 0., 0., 0., 0., 0., 0., 1.,
       0., 0., 0., 0., 0., 0., 1., 0., 0., 0., 0., 0., 0., 1., 0., 0., 0.,
       0., 0., 0., 1., 0., 0., 0., 0., 0., 0., 1., 0., 0., 0., 0., 0., 0.,
       1., 0., 0., 0., 0., 0., 0., 1., 0., 0., 0., 0., 0., 0., 1., 0., 0.,
       0., 0., 0.], dtype=float32))
	Rew: [np.float64(-0.1), np.float64(-0.1)]
	Done: False
	Accumulated Rew: ['-2.2', '-2.2']
	Team Reward (cumulative): 83.2
	Battery: [5.0, 5.0]
