Episode 1, Step 1:
	Obs: (array([9., 2., 0., 0., 1., 0., 0., 1., 0., 1., 0., 0., 0., 0., 0., 0., 1.,
       0., 0., 0., 0., 0., 0., 1., 0., 0., 0., 1., 0., 0., 1., 0., 0., 0.,
       0., 0., 1., 0., 1., 0., 0., 0., 0., 0., 1., 0., 0., 0., 1., 0., 0.,
       1., 0., 0., 0., 0., 0., 0., 1., 0., 0., 0., 0., 0., 0., 1., 0., 0.,
       0., 1., 0.], dtype=float32), array([11.,  7.,  0.,  0.,  0.,  1.,  0.,  1.,  0.,  1.,  0.,  0.,  0.,
        0.,  0.,  0.,  1.,  0.,  0.,  0.,  0.,  0.,  0.,  1.,  0.,  0.,
        0.,  0.,  0.,  0.,  1.,  0.,  0.,  0.,  0.,  0.,  1.,  0.,  0.,
        1.,  0.,  0.,  0.,  0.,  1.,  0.,  0.,  0.,  0.,  0.,  0.,  1.,
        0.,  0.,  0.,  0.,  0.,  0.,  1.,  0.,  0.,  0.,  0.,  0.,  0.,
        1.,  0.,  0.,  0.,  0.,  0.], dtype=float32))
	Rew: [np.float64(-0.1), np.float64(-0.1)]
	Done: False
	Accumulated Rew: ['-0.1', '-0.1']
	Team Reward (cumulative): -0.2
	Battery: [10, 10]
Episode 1, Step 2:
	Obs: (array([9., 2., 0., 0., 0., 1., 0., 1., 0., 1., 0., 0., 0., 0., 0., 0., 1.,
       0., 0., 0., 0., 0., 0., 1., 0., 0., 0., 1., 0., 0., 1., 0., 0., 0.,
       0., 0., 1., 0., 0., 1., 0., 0., 0., 0., 1., 0., 0., 0., 1., 0., 0.,
       1., 0., 0., 0., 0., 0., 0., 1., 0., 0., 0., 0., 0., 0., 1., 0., 0.,
       0., 1., 0.], dtype=float32), array([10.,  7.,  0.,  0.,  0.,  1.,  0.,  1.,  0.,  1.,  0.,  0.,  0.,
        0.,  0.,  0.,  1.,  0.,  0.,  0.,  0.,  0.,  0.,  1.,  0.,  0.,
        0.,  0.,  0.,  0.,  1.,  0.,  0.,  0.,  0.,  0.,  0.,  1.,  0.,
        0.,  0.,  0.,  0.,  1.,  0.,  0.,  1.,  0.,  0.,  0.,  0.,  1.,
        0.,  0.,  0.,  0.,  0.,  0.,  1.,  0.,  0.,  0.,  0.,  0.,  0.,
        1.,  0.,  0.,  0.,  0.,  0.], dtype=float32))
	Rew: [np.float64(-0.1), np.float64(-0.1)]
	Done: False
	Accumulated Rew: ['-0.2', '-0.2']
	Team Reward (cumulative): -0.4
	Battery: [10, 9.0]
Episode 1, Step 3:
	Obs: (array([8., 2., 0., 0., 0., 1., 0., 1., 0., 1., 0., 0., 0., 0., 0., 0., 1.,
       0., 0., 0., 0., 0., 0., 1., 0., 0., 0., 0., 0., 0., 1., 0., 0., 0.,
       0., 0., 0., 1., 0., 0., 0., 0., 0., 1., 0., 0., 1., 0., 0., 0., 0.,
       1., 0., 0., 0., 0., 0., 0., 1., 0., 0., 0., 0., 0., 0., 1., 0., 0.,
       0., 0., 0.], dtype=float32), array([9., 7., 0., 0., 0., 1., 0., 1., 0., 1., 0., 0., 0., 0., 0., 0., 1.,
       0., 0., 0., 0., 0., 0., 1., 0., 0., 0., 0., 0., 0., 1., 0., 0., 0.,
       0., 0., 0., 1., 0., 0., 0., 0., 0., 0., 1., 0., 0., 0., 0., 0., 0.,
       1., 0., 0., 0., 0., 0., 0., 1., 0., 0., 0., 0., 0., 0., 1., 0., 0.,
       0., 0., 0.], dtype=float32))
	Rew: [np.float64(-0.1), np.float64(-0.1)]
	Done: False
	Accumulated Rew: ['-0.3', '-0.3']
	Team Reward (cumulative): -0.6
	Battery: [9.0, 8.0]
Episode 1, Step 4:
	Obs: (array([7., 2., 0., 0., 0., 1., 0., 1., 0., 1., 0., 0., 0., 0., 0., 0., 1.,
       0., 0., 0., 0., 0., 0., 1., 0., 0., 0., 0., 0., 0., 1., 0., 0., 0.,
       0., 0., 0., 1., 0., 0., 0., 0., 0., 0., 1., 0., 0., 0., 0., 0., 0.,
       1., 0., 0., 0., 0., 0., 0., 1., 0., 0., 0., 0., 0., 0., 1., 0., 0.,
       0., 0., 0.], dtype=float32), array([8., 7., 0., 0., 0., 1., 0., 1., 0., 1., 0., 0., 0., 0., 0., 0., 1.,
       0., 0., 0., 0., 0., 0., 1., 0., 0., 0., 0., 0., 0., 1., 0., 0., 0.,
       0., 0., 0., 1., 0., 0., 0., 0., 0., 0., 1., 0., 0., 0., 0., 0., 0.,
       1., 0., 0., 0., 0., 0., 0., 1., 0., 0., 0., 0., 0., 0., 1., 0., 0.,
       0., 0., 0.], dtype=float32))
	Rew: [np.float64(-0.1), np.float64(10.0)]
	Done: False
	Accumulated Rew: ['-0.4', '9.7']
	Team Reward (cumulative): -0.8
	Battery: [8.0, 7.0]
Episode 1, Step 5:
	Obs: (array([7., 2., 0., 0., 1., 0., 0., 1., 0., 1., 0., 0., 0., 0., 0., 0., 1.,
       0., 0., 0., 0., 0., 0., 1., 0., 0., 0., 0., 0., 0., 1., 0., 0., 0.,
       0., 0., 0., 1., 0., 0., 0., 0., 0., 0., 1., 0., 0., 0., 0., 0., 0.,
       1., 0., 0., 0., 0., 0., 0., 1., 0., 0., 0., 0., 0., 0., 1., 0., 0.,
       0., 0., 0.], dtype=float32), array([8., 7., 0., 0., 0., 1., 0., 1., 0., 1., 0., 0., 0., 0., 0., 0., 1.,
       0., 0., 0., 0., 0., 0., 1., 0., 0., 0., 0., 0., 0., 1., 0., 0., 0.,
       0., 0., 0., 1., 0., 0., 0., 0., 0., 0., 1., 0., 0., 0., 0., 0., 0.,
       1., 0., 0., 0., 0., 0., 0., 1., 0., 0., 0., 0., 0., 0., 1., 0., 0.,
       0., 0., 0.], dtype=float32))
	Rew: [np.float64(-0.1), np.float64(0.0)]
	Done: False
	Accumulated Rew: ['-0.5', '9.7']
	Team Reward (cumulative): -1.0
	Battery: [8.0, 7.0]
Episode 1, Step 6:
	Obs: (array([7., 3., 0., 0., 1., 0., 0., 1., 0., 1., 0., 0., 0., 0., 0., 0., 1.,
       0., 0., 0., 0., 0., 0., 1., 0., 0., 0., 0., 0., 0., 1., 0., 0., 0.,
       0., 0., 0., 1., 0., 0., 0., 0., 0., 0., 1., 0., 0., 0., 0., 0., 0.,
       1., 0., 0., 0., 0., 0., 0., 1., 0., 0., 0., 0., 0., 0., 1., 0., 0.,
       0., 0., 0.], dtype=float32), array([8., 7., 0., 0., 0., 1., 0., 1., 0., 1., 0., 0., 0., 0., 0., 0., 1.,
       0., 0., 0., 0., 0., 0., 1., 0., 0., 0., 0., 0., 0., 1., 0., 0., 0.,
       0., 0., 0., 1., 0., 0., 0., 0., 0., 0., 1., 0., 0., 0., 0., 0., 0.,
       1., 0., 0., 0., 0., 0., 0., 1., 0., 0., 0., 0., 0., 0., 1., 0., 0.,
       0., 0., 0.], dtype=float32))
	Rew: [np.float64(-0.1), np.float64(0.0)]
	Done: False
	Accumulated Rew: ['-0.6', '9.7']
	Team Reward (cumulative): -1.2
	Battery: [7.0, 7.0]
Episode 1, Step 7:
	Obs: (array([7., 4., 0., 0., 1., 0., 0., 1., 0., 1., 0., 0., 0., 0., 0., 0., 1.,
       0., 0., 0., 0., 0., 0., 1., 0., 0., 0., 0., 0., 0., 1., 0., 0., 0.,
       0., 0., 0., 1., 0., 0., 0., 0., 0., 0., 1., 0., 0., 0., 0., 0., 0.,
       1., 0., 0., 0., 0., 0., 0., 1., 0., 0., 0., 0., 0., 0., 1., 0., 0.,
       0., 0., 0.], dtype=float32), array([8., 7., 0., 0., 0., 1., 0., 1., 0., 1., 0., 0., 0., 0., 0., 0., 1.,
       0., 0., 0., 0., 0., 0., 1., 0., 0., 0., 0., 0., 0., 1., 0., 0., 0.,
       0., 0., 0., 1., 0., 0., 0., 0., 0., 0., 1., 0., 0., 0., 0., 0., 0.,
       1., 0., 0., 0., 0., 0., 0., 1., 0., 0., 0., 0., 0., 0., 1., 0., 0.,
       0., 0., 0.], dtype=float32))
	Rew: [np.float64(-0.1), np.float64(0.0)]
	Done: False
	Accumulated Rew: ['-0.7', '9.7']
	Team Reward (cumulative): -1.4
	Battery: [6.0, 7.0]
Episode 1, Step 8:
	Obs: (array([7., 5., 0., 0., 1., 0., 0., 1., 0., 1., 0., 0., 0., 0., 0., 0., 1.,
       0., 0., 0., 0., 0., 0., 1., 0., 0., 0., 0., 0., 0., 1., 0., 0., 0.,
       0., 0., 0., 1., 0., 0., 0., 0., 0., 0., 1., 0., 0., 0., 0., 0., 0.,
       1., 0., 0., 0., 0., 0., 0., 1., 0., 0., 0., 0., 0., 0., 1., 0., 0.,
       0., 0., 0.], dtype=float32), array([8., 7., 0., 0., 0., 1., 0., 1., 0., 1., 0., 0., 0., 0., 0., 0., 1.,
       0., 0., 0., 0., 0., 0., 1., 0., 0., 0., 0., 0., 0., 1., 0., 0., 0.,
       0., 0., 0., 1., 0., 0., 0., 0., 0., 0., 1., 0., 0., 0., 0., 0., 0.,
       1., 0., 0., 0., 0., 0., 0., 1., 0., 0., 0., 0., 0., 0., 1., 0., 0.,
       0., 0., 0.], dtype=float32))
	Rew: [np.float64(-0.1), np.float64(0.0)]
	Done: False
	Accumulated Rew: ['-0.8', '9.7']
	Team Reward (cumulative): -1.6
	Battery: [5.0, 7.0]
Episode 1, Step 9:
	Obs: (array([7., 6., 0., 0., 1., 0., 0., 1., 0., 1., 0., 0., 0., 0., 0., 0., 1.,
       0., 0., 0., 0., 0., 0., 1., 0., 0., 0., 0., 0., 0., 1., 0., 0., 0.,
       0., 0., 0., 1., 0., 0., 0., 0., 0., 0., 1., 0., 0., 0., 0., 0., 0.,
       1., 0., 0., 0., 0., 0., 0., 1., 0., 0., 0., 0., 0., 0., 1., 0., 0.,
       0., 0., 0.], dtype=float32), array([8., 7., 0., 0., 0., 1., 0., 1., 0., 1., 0., 0., 0., 0., 0., 0., 1.,
       0., 0., 0., 0., 0., 0., 1., 0., 0., 0., 0., 0., 0., 1., 0., 0., 0.,
       0., 0., 0., 1., 0., 0., 0., 0., 0., 0., 1., 0., 0., 0., 0., 0., 0.,
       1., 0., 0., 0., 0., 0., 0., 1., 0., 0., 0., 0., 0., 0., 1., 0., 0.,
       0., 0., 0.], dtype=float32))
	Rew: [np.float64(-0.1), np.float64(0.0)]
	Done: False
	Accumulated Rew: ['-0.9', '9.7']
	Team Reward (cumulative): -1.8
	Battery: [4.0, 7.0]
Episode 1, Step 10:
	Obs: (array([7., 7., 0., 0., 1., 0., 0., 1., 0., 1., 0., 0., 0., 0., 0., 0., 1.,
       0., 0., 0., 0., 0., 0., 1., 0., 0., 0., 0., 0., 0., 1., 0., 0., 0.,
       0., 0., 0., 1., 0., 0., 0., 0., 0., 0., 1., 0., 0., 0., 0., 0., 0.,
       1., 0., 0., 0., 0., 0., 0., 1., 0., 0., 0., 0., 0., 0., 1., 0., 0.,
       0., 0., 0.], dtype=float32), array([8., 7., 0., 0., 0., 1., 0., 1., 0., 1., 0., 0., 0., 0., 0., 0., 1.,
       0., 0., 0., 0., 0., 0., 1., 0., 0., 0., 0., 0., 0., 1., 0., 0., 0.,
       0., 0., 0., 1., 0., 0., 0., 0., 0., 0., 1., 0., 0., 0., 0., 0., 0.,
       1., 0., 0., 0., 0., 0., 0., 1., 0., 0., 0., 0., 0., 0., 1., 0., 0.,
       0., 0., 0.], dtype=float32))
	Rew: [np.float64(10.0), np.float64(0.0)]
	Done: True
	Accumulated Rew: ['9.1', '9.7']
	Team Reward (cumulative): 48.0
	Battery: [3.0, 7.0]
Episode finished. Episodic returns: [9.1 9.7]Team Reward (cumulative): 48.0Episode 2, Step 1:
	Obs: (array([13.,  6.,  0.,  0.,  0.,  1.,  0.,  1.,  0.,  1.,  0.,  0.,  0.,
        0.,  0.,  0.,  1.,  0.,  0.,  0.,  1.,  0.,  0.,  1.,  0.,  0.,
        0.,  1.,  0.,  0.,  1.,  0.,  0.,  0.,  0.,  0.,  1.,  0.,  0.,
        1.,  0.,  0.,  0.,  1.,  0.,  1.,  0.,  0.,  0.,  0.,  0.,  1.,
        0.,  0.,  0.,  0.,  0.,  0.,  1.,  0.,  0.,  0.,  0.,  0.,  0.,
        1.,  0.,  0.,  0.,  0.,  0.], dtype=float32), array([14.,  6.,  0.,  0.,  1.,  0.,  0.,  1.,  0.,  1.,  0.,  0.,  0.,
        1.,  0.,  0.,  1.,  0.,  0.,  0.,  1.,  0.,  0.,  1.,  0.,  0.,
        0.,  0.,  0.,  1.,  0.,  0.,  1.,  0.,  0.,  0.,  1.,  0.,  1.,
        0.,  0.,  0.,  0.,  0.,  1.,  0.,  0.,  0.,  0.,  0.,  0.,  1.,
        0.,  0.,  0.,  0.,  0.,  0.,  1.,  0.,  0.,  0.,  0.,  0.,  0.,
        1.,  0.,  0.,  0.,  0.,  0.], dtype=float32))
	Rew: [np.float64(-0.1), np.float64(-0.1)]
	Done: False
	Accumulated Rew: ['-0.1', '-0.1']
	Team Reward (cumulative): 47.8
	Battery: [3.0, 7.0]
Episode 2, Step 2:
	Obs: (array([12.,  6.,  0.,  0.,  0.,  1.,  0.,  1.,  0.,  1.,  0.,  0.,  0.,
        1.,  0.,  0.,  1.,  0.,  0.,  0.,  0.,  0.,  0.,  1.,  0.,  0.,
        0.,  1.,  0.,  0.,  1.,  0.,  0.,  0.,  0.,  0.,  0.,  1.,  0.,
        0.,  0.,  0.,  0.,  1.,  0.,  0.,  1.,  0.,  0.,  0.,  0.,  1.,
        0.,  0.,  0.,  0.,  0.,  0.,  1.,  0.,  0.,  0.,  0.,  0.,  0.,
        1.,  0.,  0.,  0.,  0.,  0.], dtype=float32), array([14.,  7.,  0.,  0.,  1.,  0.,  0.,  1.,  1.,  0.,  0.,  1.,  0.,
        0.,  0.,  1.,  0.,  1.,  0.,  0.,  0.,  0.,  0.,  1.,  0.,  0.,
        0.,  0.,  0.,  0.,  1.,  0.,  0.,  0.,  0.,  0.,  0.,  1.,  0.,
        0.,  0.,  0.,  0.,  0.,  1.,  0.,  0.,  0.,  0.,  0.,  0.,  1.,
        0.,  0.,  0.,  0.,  0.,  0.,  1.,  0.,  0.,  0.,  0.,  0.,  0.,
        1.,  0.,  0.,  0.,  0.,  0.], dtype=float32))
	Rew: [np.float64(-0.1), np.float64(-0.1)]
	Done: False
	Accumulated Rew: ['-0.2', '-0.2']
	Team Reward (cumulative): 47.6
	Battery: [2.0, 6.0]
Episode 2, Step 3:
	Obs: (array([11.,  6.,  0.,  0.,  0.,  1.,  0.,  1.,  0.,  1.,  0.,  0.,  0.,
        1.,  0.,  0.,  1.,  0.,  0.,  0.,  1.,  0.,  0.,  1.,  0.,  0.,
        0.,  0.,  0.,  0.,  1.,  0.,  0.,  0.,  0.,  0.,  0.,  1.,  0.,
        0.,  0.,  0.,  0.,  0.,  1.,  0.,  0.,  0.,  0.,  0.,  0.,  1.,
        0.,  0.,  0.,  0.,  0.,  0.,  1.,  0.,  0.,  0.,  0.,  0.,  0.,
        1.,  0.,  0.,  0.,  0.,  0.], dtype=float32), array([14.,  7.,  0.,  0.,  0.,  1.,  0.,  1.,  1.,  0.,  0.,  1.,  0.,
        0.,  0.,  1.,  0.,  0.,  1.,  0.,  0.,  0.,  0.,  1.,  0.,  0.,
        0.,  0.,  0.,  0.,  1.,  0.,  0.,  0.,  0.,  0.,  0.,  1.,  0.,
        0.,  0.,  0.,  0.,  0.,  1.,  0.,  0.,  0.,  0.,  0.,  0.,  1.,
        0.,  0.,  0.,  0.,  0.,  0.,  1.,  0.,  0.,  0.,  0.,  0.,  0.,
        1.,  0.,  0.,  0.,  0.,  0.], dtype=float32))
	Rew: [np.float64(-0.1), np.float64(-0.1)]
	Done: False
	Accumulated Rew: ['-0.3', '-0.3']
	Team Reward (cumulative): 47.4
	Battery: [1.0, 6.0]
Episode 2, Step 4:
	Obs: (array([10.,  6.,  0.,  0.,  0.,  1.,  0.,  1.,  0.,  1.,  0.,  0.,  0.,
        0.,  0.,  0.,  1.,  0.,  0.,  0.,  1.,  0.,  0.,  1.,  0.,  0.,
        0.,  1.,  0.,  0.,  1.,  0.,  0.,  0.,  0.,  0.,  0.,  1.,  0.,
        0.,  0.,  0.,  0.,  0.,  1.,  0.,  0.,  0.,  0.,  0.,  0.,  1.,
        0.,  0.,  0.,  0.,  0.,  0.,  1.,  0.,  0.,  0.,  0.,  0.,  0.,
        1.,  0.,  0.,  0.,  0.,  0.], dtype=float32), array([13.,  7.,  0.,  0.,  0.,  1.,  0.,  1.,  0.,  1.,  0.,  0.,  0.,
        0.,  0.,  1.,  0.,  0.,  1.,  0.,  0.,  0.,  1.,  0.,  0.,  1.,
        0.,  0.,  0.,  0.,  1.,  0.,  0.,  0.,  0.,  0.,  0.,  1.,  0.,
        0.,  0.,  0.,  0.,  0.,  1.,  0.,  0.,  0.,  0.,  0.,  0.,  1.,
        0.,  0.,  0.,  0.,  0.,  0.,  1.,  0.,  0.,  0.,  0.,  0.,  0.,
        1.,  0.,  0.,  0.,  0.,  0.], dtype=float32))
	Rew: [np.float64(-0.1), np.float64(-0.1)]
	Done: False
	Accumulated Rew: ['-0.4', '-0.4']
	Team Reward (cumulative): 47.2
	Battery: [0, 5.0]
Episode 2, Step 5:
	Obs: (array([10.,  6.,  0.,  0.,  0.,  1.,  0.,  1.,  0.,  1.,  0.,  0.,  0.,
        0.,  0.,  0.,  1.,  0.,  0.,  0.,  1.,  0.,  0.,  1.,  0.,  0.,
        0.,  1.,  0.,  0.,  1.,  0.,  0.,  0.,  0.,  0.,  0.,  1.,  0.,
        0.,  0.,  0.,  0.,  0.,  1.,  0.,  0.,  0.,  0.,  0.,  0.,  1.,
        0.,  0.,  0.,  0.,  0.,  0.,  1.,  0.,  0.,  0.,  0.,  0.,  0.,
        1.,  0.,  0.,  0.,  0.,  0.], dtype=float32), array([12.,  7.,  0.,  0.,  0.,  1.,  0.,  1.,  0.,  1.,  0.,  0.,  0.,
        0.,  0.,  0.,  1.,  0.,  0.,  0.,  0.,  0.,  1.,  0.,  0.,  1.,
        0.,  0.,  0.,  0.,  1.,  0.,  0.,  0.,  0.,  0.,  0.,  1.,  0.,
        0.,  0.,  0.,  0.,  0.,  1.,  0.,  0.,  0.,  0.,  0.,  0.,  1.,
        0.,  0.,  0.,  0.,  0.,  0.,  1.,  0.,  0.,  0.,  0.,  0.,  0.,
        1.,  0.,  0.,  0.,  0.,  0.], dtype=float32))
	Rew: [np.float64(-0.1), np.float64(-0.1)]
	Done: False
	Accumulated Rew: ['-0.5', '-0.5']
	Team Reward (cumulative): 47.0
	Battery: [0, 4.0]
Episode 2, Step 6:
	Obs: (array([10.,  6.,  0.,  0.,  0.,  1.,  0.,  1.,  0.,  1.,  0.,  0.,  0.,
        0.,  0.,  0.,  1.,  0.,  0.,  0.,  1.,  0.,  0.,  1.,  0.,  0.,
        0.,  1.,  0.,  0.,  1.,  0.,  0.,  0.,  0.,  0.,  0.,  1.,  0.,
        0.,  0.,  0.,  0.,  0.,  1.,  0.,  0.,  0.,  0.,  0.,  0.,  1.,
        0.,  0.,  0.,  0.,  0.,  0.,  1.,  0.,  0.,  0.,  0.,  0.,  0.,
        1.,  0.,  0.,  0.,  0.,  0.], dtype=float32), array([11.,  7.,  0.,  0.,  0.,  1.,  0.,  1.,  0.,  1.,  0.,  0.,  0.,
        0.,  0.,  0.,  1.,  0.,  0.,  0.,  0.,  0.,  0.,  1.,  0.,  0.,
        0.,  0.,  0.,  0.,  1.,  0.,  0.,  0.,  0.,  0.,  0.,  1.,  0.,
        0.,  0.,  0.,  0.,  0.,  1.,  0.,  0.,  0.,  0.,  0.,  0.,  1.,
        0.,  0.,  0.,  0.,  0.,  0.,  1.,  0.,  0.,  0.,  0.,  0.,  0.,
        1.,  0.,  0.,  0.,  0.,  0.], dtype=float32))
	Rew: [np.float64(-0.1), np.float64(-0.1)]
	Done: False
	Accumulated Rew: ['-0.6', '-0.6']
	Team Reward (cumulative): 46.8
	Battery: [0, 3.0]
Episode 2, Step 7:
	Obs: (array([10.,  6.,  0.,  0.,  0.,  1.,  0.,  1.,  0.,  1.,  0.,  0.,  0.,
        0.,  0.,  0.,  1.,  0.,  0.,  0.,  1.,  0.,  0.,  1.,  0.,  0.,
        0.,  1.,  0.,  0.,  1.,  0.,  0.,  0.,  0.,  0.,  0.,  1.,  0.,
        0.,  0.,  0.,  0.,  0.,  1.,  0.,  0.,  0.,  0.,  0.,  0.,  1.,
        0.,  0.,  0.,  0.,  0.,  0.,  1.,  0.,  0.,  0.,  0.,  0.,  0.,
        1.,  0.,  0.,  0.,  0.,  0.], dtype=float32), array([10.,  7.,  0.,  0.,  0.,  1.,  0.,  1.,  0.,  1.,  0.,  0.,  0.,
        0.,  0.,  0.,  1.,  0.,  0.,  0.,  0.,  0.,  0.,  1.,  0.,  0.,
        0.,  0.,  0.,  0.,  1.,  0.,  0.,  0.,  0.,  0.,  0.,  1.,  0.,
        0.,  0.,  0.,  0.,  0.,  1.,  0.,  0.,  0.,  0.,  0.,  0.,  1.,
        0.,  0.,  0.,  0.,  0.,  0.,  1.,  0.,  0.,  0.,  0.,  0.,  0.,
        1.,  0.,  0.,  0.,  0.,  0.], dtype=float32))
	Rew: [np.float64(-0.1), np.float64(-0.1)]
	Done: False
	Accumulated Rew: ['-0.7', '-0.7']
	Team Reward (cumulative): 46.6
	Battery: [0, 2.0]
Episode 2, Step 8:
	Obs: (array([10.,  6.,  0.,  0.,  0.,  1.,  0.,  1.,  0.,  1.,  0.,  0.,  0.,
        0.,  0.,  0.,  1.,  0.,  0.,  0.,  1.,  0.,  0.,  1.,  0.,  0.,
        0.,  1.,  0.,  0.,  1.,  0.,  0.,  0.,  0.,  0.,  0.,  1.,  0.,
        0.,  0.,  0.,  0.,  0.,  1.,  0.,  0.,  0.,  0.,  0.,  0.,  1.,
        0.,  0.,  0.,  0.,  0.,  0.,  1.,  0.,  0.,  0.,  0.,  0.,  0.,
        1.,  0.,  0.,  0.,  0.,  0.], dtype=float32), array([9., 7., 0., 0., 0., 1., 0., 1., 0., 1., 0., 0., 0., 0., 0., 0., 1.,
       0., 0., 0., 0., 0., 0., 1., 0., 0., 0., 0., 0., 0., 1., 0., 0., 0.,
       0., 0., 0., 1., 0., 0., 0., 0., 0., 0., 1., 0., 0., 0., 0., 0., 0.,
       1., 0., 0., 0., 0., 0., 0., 1., 0., 0., 0., 0., 0., 0., 1., 0., 0.,
       0., 0., 0.], dtype=float32))
	Rew: [np.float64(-0.1), np.float64(-0.1)]
	Done: False
	Accumulated Rew: ['-0.8', '-0.8']
	Team Reward (cumulative): 46.4
	Battery: [0, 1.0]
Episode 2, Step 9:
	Obs: (array([10.,  6.,  0.,  0.,  0.,  1.,  0.,  1.,  0.,  1.,  0.,  0.,  0.,
        0.,  0.,  0.,  1.,  0.,  0.,  0.,  1.,  0.,  0.,  1.,  0.,  0.,
        0.,  1.,  0.,  0.,  1.,  0.,  0.,  0.,  0.,  0.,  0.,  1.,  0.,
        0.,  0.,  0.,  0.,  0.,  1.,  0.,  0.,  0.,  0.,  0.,  0.,  1.,
        0.,  0.,  0.,  0.,  0.,  0.,  1.,  0.,  0.,  0.,  0.,  0.,  0.,
        1.,  0.,  0.,  0.,  0.,  0.], dtype=float32), array([8., 7., 0., 0., 0., 1., 0., 1., 0., 1., 0., 0., 0., 0., 0., 0., 1.,
       0., 0., 0., 0., 0., 0., 1., 0., 0., 0., 0., 0., 0., 1., 0., 0., 0.,
       0., 0., 0., 1., 0., 0., 0., 0., 0., 0., 1., 0., 0., 0., 0., 0., 0.,
       1., 0., 0., 0., 0., 0., 0., 1., 0., 0., 0., 0., 0., 0., 1., 0., 0.,
       0., 0., 0.], dtype=float32))
	Rew: [np.float64(-0.1), np.float64(10.0)]
	Done: False
	Accumulated Rew: ['-0.9', '9.2']
	Team Reward (cumulative): 46.2
	Battery: [0, 0]
Episode 2, Step 10:
	Obs: (array([10.,  6.,  0.,  0.,  0.,  1.,  0.,  1.,  0.,  1.,  0.,  0.,  0.,
        0.,  0.,  0.,  1.,  0.,  0.,  0.,  1.,  0.,  0.,  1.,  0.,  0.,
        0.,  1.,  0.,  0.,  1.,  0.,  0.,  0.,  0.,  0.,  0.,  1.,  0.,
        0.,  0.,  0.,  0.,  0.,  1.,  0.,  0.,  0.,  0.,  0.,  0.,  1.,
        0.,  0.,  0.,  0.,  0.,  0.,  1.,  0.,  0.,  0.,  0.,  0.,  0.,
        1.,  0.,  0.,  0.,  0.,  0.], dtype=float32), array([8., 7., 0., 0., 0., 1., 0., 1., 0., 1., 0., 0., 0., 0., 0., 0., 1.,
       0., 0., 0., 0., 0., 0., 1., 0., 0., 0., 0., 0., 0., 1., 0., 0., 0.,
       0., 0., 0., 1., 0., 0., 0., 0., 0., 0., 1., 0., 0., 0., 0., 0., 0.,
       1., 0., 0., 0., 0., 0., 0., 1., 0., 0., 0., 0., 0., 0., 1., 0., 0.,
       0., 0., 0.], dtype=float32))
	Rew: [np.float64(-0.1), np.float64(0.0)]
	Done: False
	Accumulated Rew: ['-1.0', '9.2']
	Team Reward (cumulative): 46.0
	Battery: [0, 0]
Episode 2, Step 11:
	Obs: (array([10.,  6.,  0.,  0.,  0.,  1.,  0.,  1.,  0.,  1.,  0.,  0.,  0.,
        0.,  0.,  0.,  1.,  0.,  0.,  0.,  1.,  0.,  0.,  1.,  0.,  0.,
        0.,  1.,  0.,  0.,  1.,  0.,  0.,  0.,  0.,  0.,  0.,  1.,  0.,
        0.,  0.,  0.,  0.,  0.,  1.,  0.,  0.,  0.,  0.,  0.,  0.,  1.,
        0.,  0.,  0.,  0.,  0.,  0.,  1.,  0.,  0.,  0.,  0.,  0.,  0.,
        1.,  0.,  0.,  0.,  0.,  0.], dtype=float32), array([8., 7., 0., 0., 0., 1., 0., 1., 0., 1., 0., 0., 0., 0., 0., 0., 1.,
       0., 0., 0., 0., 0., 0., 1., 0., 0., 0., 0., 0., 0., 1., 0., 0., 0.,
       0., 0., 0., 1., 0., 0., 0., 0., 0., 0., 1., 0., 0., 0., 0., 0., 0.,
       1., 0., 0., 0., 0., 0., 0., 1., 0., 0., 0., 0., 0., 0., 1., 0., 0.,
       0., 0., 0.], dtype=float32))
	Rew: [np.float64(-0.1), np.float64(0.0)]
	Done: False
	Accumulated Rew: ['-1.1', '9.2']
	Team Reward (cumulative): 45.8
	Battery: [0, 0]
Episode 2, Step 12:
	Obs: (array([10.,  6.,  0.,  0.,  0.,  1.,  0.,  1.,  0.,  1.,  0.,  0.,  0.,
        0.,  0.,  0.,  1.,  0.,  0.,  0.,  1.,  0.,  0.,  1.,  0.,  0.,
        0.,  1.,  0.,  0.,  1.,  0.,  0.,  0.,  0.,  0.,  0.,  1.,  0.,
        0.,  0.,  0.,  0.,  0.,  1.,  0.,  0.,  0.,  0.,  0.,  0.,  1.,
        0.,  0.,  0.,  0.,  0.,  0.,  1.,  0.,  0.,  0.,  0.,  0.,  0.,
        1.,  0.,  0.,  0.,  0.,  0.], dtype=float32), array([8., 7., 0., 0., 0., 1., 0., 1., 0., 1., 0., 0., 0., 0., 0., 0., 1.,
       0., 0., 0., 0., 0., 0., 1., 0., 0., 0., 0., 0., 0., 1., 0., 0., 0.,
       0., 0., 0., 1., 0., 0., 0., 0., 0., 0., 1., 0., 0., 0., 0., 0., 0.,
       1., 0., 0., 0., 0., 0., 0., 1., 0., 0., 0., 0., 0., 0., 1., 0., 0.,
       0., 0., 0.], dtype=float32))
	Rew: [np.float64(-0.1), np.float64(0.0)]
	Done: False
	Accumulated Rew: ['-1.2', '9.2']
	Team Reward (cumulative): 45.6
	Battery: [0, 0]
Episode 2, Step 13:
	Obs: (array([10.,  6.,  0.,  0.,  0.,  1.,  0.,  1.,  0.,  1.,  0.,  0.,  0.,
        0.,  0.,  0.,  1.,  0.,  0.,  0.,  1.,  0.,  0.,  1.,  0.,  0.,
        0.,  1.,  0.,  0.,  1.,  0.,  0.,  0.,  0.,  0.,  0.,  1.,  0.,
        0.,  0.,  0.,  0.,  0.,  1.,  0.,  0.,  0.,  0.,  0.,  0.,  1.,
        0.,  0.,  0.,  0.,  0.,  0.,  1.,  0.,  0.,  0.,  0.,  0.,  0.,
        1.,  0.,  0.,  0.,  0.,  0.], dtype=float32), array([8., 7., 0., 0., 0., 1., 0., 1., 0., 1., 0., 0., 0., 0., 0., 0., 1.,
       0., 0., 0., 0., 0., 0., 1., 0., 0., 0., 0., 0., 0., 1., 0., 0., 0.,
       0., 0., 0., 1., 0., 0., 0., 0., 0., 0., 1., 0., 0., 0., 0., 0., 0.,
       1., 0., 0., 0., 0., 0., 0., 1., 0., 0., 0., 0., 0., 0., 1., 0., 0.,
       0., 0., 0.], dtype=float32))
	Rew: [np.float64(-0.1), np.float64(0.0)]
	Done: False
	Accumulated Rew: ['-1.3', '9.2']
	Team Reward (cumulative): 45.4
	Battery: [0, 0]
Episode 2, Step 14:
	Obs: (array([10.,  6.,  0.,  0.,  0.,  1.,  0.,  1.,  0.,  1.,  0.,  0.,  0.,
        0.,  0.,  0.,  1.,  0.,  0.,  0.,  1.,  0.,  0.,  1.,  0.,  0.,
        0.,  1.,  0.,  0.,  1.,  0.,  0.,  0.,  0.,  0.,  0.,  1.,  0.,
        0.,  0.,  0.,  0.,  0.,  1.,  0.,  0.,  0.,  0.,  0.,  0.,  1.,
        0.,  0.,  0.,  0.,  0.,  0.,  1.,  0.,  0.,  0.,  0.,  0.,  0.,
        1.,  0.,  0.,  0.,  0.,  0.], dtype=float32), array([8., 7., 0., 0., 0., 1., 0., 1., 0., 1., 0., 0., 0., 0., 0., 0., 1.,
       0., 0., 0., 0., 0., 0., 1., 0., 0., 0., 0., 0., 0., 1., 0., 0., 0.,
       0., 0., 0., 1., 0., 0., 0., 0., 0., 0., 1., 0., 0., 0., 0., 0., 0.,
       1., 0., 0., 0., 0., 0., 0., 1., 0., 0., 0., 0., 0., 0., 1., 0., 0.,
       0., 0., 0.], dtype=float32))
	Rew: [np.float64(-0.1), np.float64(0.0)]
	Done: False
	Accumulated Rew: ['-1.4', '9.2']
	Team Reward (cumulative): 45.2
	Battery: [0, 0]
Episode 2, Step 15:
	Obs: (array([10.,  6.,  0.,  0.,  0.,  1.,  0.,  1.,  0.,  1.,  0.,  0.,  0.,
        0.,  0.,  0.,  1.,  0.,  0.,  0.,  1.,  0.,  0.,  1.,  0.,  0.,
        0.,  1.,  0.,  0.,  1.,  0.,  0.,  0.,  0.,  0.,  0.,  1.,  0.,
        0.,  0.,  0.,  0.,  0.,  1.,  0.,  0.,  0.,  0.,  0.,  0.,  1.,
        0.,  0.,  0.,  0.,  0.,  0.,  1.,  0.,  0.,  0.,  0.,  0.,  0.,
        1.,  0.,  0.,  0.,  0.,  0.], dtype=float32), array([8., 7., 0., 0., 0., 1., 0., 1., 0., 1., 0., 0., 0., 0., 0., 0., 1.,
       0., 0., 0., 0., 0., 0., 1., 0., 0., 0., 0., 0., 0., 1., 0., 0., 0.,
       0., 0., 0., 1., 0., 0., 0., 0., 0., 0., 1., 0., 0., 0., 0., 0., 0.,
       1., 0., 0., 0., 0., 0., 0., 1., 0., 0., 0., 0., 0., 0., 1., 0., 0.,
       0., 0., 0.], dtype=float32))
	Rew: [np.float64(-0.1), np.float64(0.0)]
	Done: False
	Accumulated Rew: ['-1.5', '9.2']
	Team Reward (cumulative): 45.0
	Battery: [0, 0]
Episode 2, Step 16:
	Obs: (array([10.,  6.,  0.,  0.,  0.,  1.,  0.,  1.,  0.,  1.,  0.,  0.,  0.,
        0.,  0.,  0.,  1.,  0.,  0.,  0.,  1.,  0.,  0.,  1.,  0.,  0.,
        0.,  1.,  0.,  0.,  1.,  0.,  0.,  0.,  0.,  0.,  0.,  1.,  0.,
        0.,  0.,  0.,  0.,  0.,  1.,  0.,  0.,  0.,  0.,  0.,  0.,  1.,
        0.,  0.,  0.,  0.,  0.,  0.,  1.,  0.,  0.,  0.,  0.,  0.,  0.,
        1.,  0.,  0.,  0.,  0.,  0.], dtype=float32), array([8., 7., 0., 0., 0., 1., 0., 1., 0., 1., 0., 0., 0., 0., 0., 0., 1.,
       0., 0., 0., 0., 0., 0., 1., 0., 0., 0., 0., 0., 0., 1., 0., 0., 0.,
       0., 0., 0., 1., 0., 0., 0., 0., 0., 0., 1., 0., 0., 0., 0., 0., 0.,
       1., 0., 0., 0., 0., 0., 0., 1., 0., 0., 0., 0., 0., 0., 1., 0., 0.,
       0., 0., 0.], dtype=float32))
	Rew: [np.float64(-0.1), np.float64(0.0)]
	Done: False
	Accumulated Rew: ['-1.6', '9.2']
	Team Reward (cumulative): 44.8
	Battery: [0, 0]
Episode 2, Step 17:
	Obs: (array([10.,  6.,  0.,  0.,  0.,  1.,  0.,  1.,  0.,  1.,  0.,  0.,  0.,
        0.,  0.,  0.,  1.,  0.,  0.,  0.,  1.,  0.,  0.,  1.,  0.,  0.,
        0.,  1.,  0.,  0.,  1.,  0.,  0.,  0.,  0.,  0.,  0.,  1.,  0.,
        0.,  0.,  0.,  0.,  0.,  1.,  0.,  0.,  0.,  0.,  0.,  0.,  1.,
        0.,  0.,  0.,  0.,  0.,  0.,  1.,  0.,  0.,  0.,  0.,  0.,  0.,
        1.,  0.,  0.,  0.,  0.,  0.], dtype=float32), array([8., 7., 0., 0., 0., 1., 0., 1., 0., 1., 0., 0., 0., 0., 0., 0., 1.,
       0., 0., 0., 0., 0., 0., 1., 0., 0., 0., 0., 0., 0., 1., 0., 0., 0.,
       0., 0., 0., 1., 0., 0., 0., 0., 0., 0., 1., 0., 0., 0., 0., 0., 0.,
       1., 0., 0., 0., 0., 0., 0., 1., 0., 0., 0., 0., 0., 0., 1., 0., 0.,
       0., 0., 0.], dtype=float32))
	Rew: [np.float64(-0.1), np.float64(0.0)]
	Done: False
	Accumulated Rew: ['-1.7', '9.2']
	Team Reward (cumulative): 44.6
	Battery: [0, 0]
Episode 2, Step 18:
	Obs: (array([10.,  6.,  0.,  0.,  0.,  1.,  0.,  1.,  0.,  1.,  0.,  0.,  0.,
        0.,  0.,  0.,  1.,  0.,  0.,  0.,  1.,  0.,  0.,  1.,  0.,  0.,
        0.,  1.,  0.,  0.,  1.,  0.,  0.,  0.,  0.,  0.,  0.,  1.,  0.,
        0.,  0.,  0.,  0.,  0.,  1.,  0.,  0.,  0.,  0.,  0.,  0.,  1.,
        0.,  0.,  0.,  0.,  0.,  0.,  1.,  0.,  0.,  0.,  0.,  0.,  0.,
        1.,  0.,  0.,  0.,  0.,  0.], dtype=float32), array([8., 7., 0., 0., 0., 1., 0., 1., 0., 1., 0., 0., 0., 0., 0., 0., 1.,
       0., 0., 0., 0., 0., 0., 1., 0., 0., 0., 0., 0., 0., 1., 0., 0., 0.,
       0., 0., 0., 1., 0., 0., 0., 0., 0., 0., 1., 0., 0., 0., 0., 0., 0.,
       1., 0., 0., 0., 0., 0., 0., 1., 0., 0., 0., 0., 0., 0., 1., 0., 0.,
       0., 0., 0.], dtype=float32))
	Rew: [np.float64(-0.1), np.float64(0.0)]
	Done: False
	Accumulated Rew: ['-1.8', '9.2']
	Team Reward (cumulative): 44.4
	Battery: [0, 0]
Episode 2, Step 19:
	Obs: (array([10.,  6.,  0.,  0.,  0.,  1.,  0.,  1.,  0.,  1.,  0.,  0.,  0.,
        0.,  0.,  0.,  1.,  0.,  0.,  0.,  1.,  0.,  0.,  1.,  0.,  0.,
        0.,  1.,  0.,  0.,  1.,  0.,  0.,  0.,  0.,  0.,  0.,  1.,  0.,
        0.,  0.,  0.,  0.,  0.,  1.,  0.,  0.,  0.,  0.,  0.,  0.,  1.,
        0.,  0.,  0.,  0.,  0.,  0.,  1.,  0.,  0.,  0.,  0.,  0.,  0.,
        1.,  0.,  0.,  0.,  0.,  0.], dtype=float32), array([8., 7., 0., 0., 0., 1., 0., 1., 0., 1., 0., 0., 0., 0., 0., 0., 1.,
       0., 0., 0., 0., 0., 0., 1., 0., 0., 0., 0., 0., 0., 1., 0., 0., 0.,
       0., 0., 0., 1., 0., 0., 0., 0., 0., 0., 1., 0., 0., 0., 0., 0., 0.,
       1., 0., 0., 0., 0., 0., 0., 1., 0., 0., 0., 0., 0., 0., 1., 0., 0.,
       0., 0., 0.], dtype=float32))
	Rew: [np.float64(-0.1), np.float64(0.0)]
	Done: False
	Accumulated Rew: ['-1.9', '9.2']
	Team Reward (cumulative): 44.2
	Battery: [0, 0]
Episode 2, Step 20:
	Obs: (array([10.,  6.,  0.,  0.,  0.,  1.,  0.,  1.,  0.,  1.,  0.,  0.,  0.,
        0.,  0.,  0.,  1.,  0.,  0.,  0.,  1.,  0.,  0.,  1.,  0.,  0.,
        0.,  1.,  0.,  0.,  1.,  0.,  0.,  0.,  0.,  0.,  0.,  1.,  0.,
        0.,  0.,  0.,  0.,  0.,  1.,  0.,  0.,  0.,  0.,  0.,  0.,  1.,
        0.,  0.,  0.,  0.,  0.,  0.,  1.,  0.,  0.,  0.,  0.,  0.,  0.,
        1.,  0.,  0.,  0.,  0.,  0.], dtype=float32), array([8., 7., 0., 0., 0., 1., 0., 1., 0., 1., 0., 0., 0., 0., 0., 0., 1.,
       0., 0., 0., 0., 0., 0., 1., 0., 0., 0., 0., 0., 0., 1., 0., 0., 0.,
       0., 0., 0., 1., 0., 0., 0., 0., 0., 0., 1., 0., 0., 0., 0., 0., 0.,
       1., 0., 0., 0., 0., 0., 0., 1., 0., 0., 0., 0., 0., 0., 1., 0., 0.,
       0., 0., 0.], dtype=float32))
	Rew: [np.float64(-0.1), np.float64(0.0)]
	Done: False
	Accumulated Rew: ['-2.0', '9.2']
	Team Reward (cumulative): 44.0
	Battery: [0, 0]
Episode 2, Step 21:
	Obs: (array([10.,  6.,  0.,  0.,  0.,  1.,  0.,  1.,  0.,  1.,  0.,  0.,  0.,
        0.,  0.,  0.,  1.,  0.,  0.,  0.,  1.,  0.,  0.,  1.,  0.,  0.,
        0.,  1.,  0.,  0.,  1.,  0.,  0.,  0.,  0.,  0.,  0.,  1.,  0.,
        0.,  0.,  0.,  0.,  0.,  1.,  0.,  0.,  0.,  0.,  0.,  0.,  1.,
        0.,  0.,  0.,  0.,  0.,  0.,  1.,  0.,  0.,  0.,  0.,  0.,  0.,
        1.,  0.,  0.,  0.,  0.,  0.], dtype=float32), array([8., 7., 0., 0., 0., 1., 0., 1., 0., 1., 0., 0., 0., 0., 0., 0., 1.,
       0., 0., 0., 0., 0., 0., 1., 0., 0., 0., 0., 0., 0., 1., 0., 0., 0.,
       0., 0., 0., 1., 0., 0., 0., 0., 0., 0., 1., 0., 0., 0., 0., 0., 0.,
       1., 0., 0., 0., 0., 0., 0., 1., 0., 0., 0., 0., 0., 0., 1., 0., 0.,
       0., 0., 0.], dtype=float32))
	Rew: [np.float64(-0.1), np.float64(0.0)]
	Done: False
	Accumulated Rew: ['-2.1', '9.2']
	Team Reward (cumulative): 43.8
	Battery: [0, 0]
Episode 2, Step 22:
	Obs: (array([10.,  6.,  0.,  0.,  0.,  1.,  0.,  1.,  0.,  1.,  0.,  0.,  0.,
        0.,  0.,  0.,  1.,  0.,  0.,  0.,  1.,  0.,  0.,  1.,  0.,  0.,
        0.,  1.,  0.,  0.,  1.,  0.,  0.,  0.,  0.,  0.,  0.,  1.,  0.,
        0.,  0.,  0.,  0.,  0.,  1.,  0.,  0.,  0.,  0.,  0.,  0.,  1.,
        0.,  0.,  0.,  0.,  0.,  0.,  1.,  0.,  0.,  0.,  0.,  0.,  0.,
        1.,  0.,  0.,  0.,  0.,  0.], dtype=float32), array([8., 7., 0., 0., 0., 1., 0., 1., 0., 1., 0., 0., 0., 0., 0., 0., 1.,
       0., 0., 0., 0., 0., 0., 1., 0., 0., 0., 0., 0., 0., 1., 0., 0., 0.,
       0., 0., 0., 1., 0., 0., 0., 0., 0., 0., 1., 0., 0., 0., 0., 0., 0.,
       1., 0., 0., 0., 0., 0., 0., 1., 0., 0., 0., 0., 0., 0., 1., 0., 0.,
       0., 0., 0.], dtype=float32))
	Rew: [np.float64(-0.1), np.float64(0.0)]
	Done: False
	Accumulated Rew: ['-2.2', '9.2']
	Team Reward (cumulative): 43.6
	Battery: [0, 0]
Episode 2, Step 23:
	Obs: (array([10.,  6.,  0.,  0.,  0.,  1.,  0.,  1.,  0.,  1.,  0.,  0.,  0.,
        0.,  0.,  0.,  1.,  0.,  0.,  0.,  1.,  0.,  0.,  1.,  0.,  0.,
        0.,  1.,  0.,  0.,  1.,  0.,  0.,  0.,  0.,  0.,  0.,  1.,  0.,
        0.,  0.,  0.,  0.,  0.,  1.,  0.,  0.,  0.,  0.,  0.,  0.,  1.,
        0.,  0.,  0.,  0.,  0.,  0.,  1.,  0.,  0.,  0.,  0.,  0.,  0.,
        1.,  0.,  0.,  0.,  0.,  0.], dtype=float32), array([8., 7., 0., 0., 0., 1., 0., 1., 0., 1., 0., 0., 0., 0., 0., 0., 1.,
       0., 0., 0., 0., 0., 0., 1., 0., 0., 0., 0., 0., 0., 1., 0., 0., 0.,
       0., 0., 0., 1., 0., 0., 0., 0., 0., 0., 1., 0., 0., 0., 0., 0., 0.,
       1., 0., 0., 0., 0., 0., 0., 1., 0., 0., 0., 0., 0., 0., 1., 0., 0.,
       0., 0., 0.], dtype=float32))
	Rew: [np.float64(-0.1), np.float64(0.0)]
	Done: False
	Accumulated Rew: ['-2.3', '9.2']
	Team Reward (cumulative): 43.4
	Battery: [0, 0]
Episode 2, Step 24:
	Obs: (array([10.,  6.,  0.,  0.,  0.,  1.,  0.,  1.,  0.,  1.,  0.,  0.,  0.,
        0.,  0.,  0.,  1.,  0.,  0.,  0.,  1.,  0.,  0.,  1.,  0.,  0.,
        0.,  1.,  0.,  0.,  1.,  0.,  0.,  0.,  0.,  0.,  0.,  1.,  0.,
        0.,  0.,  0.,  0.,  0.,  1.,  0.,  0.,  0.,  0.,  0.,  0.,  1.,
        0.,  0.,  0.,  0.,  0.,  0.,  1.,  0.,  0.,  0.,  0.,  0.,  0.,
        1.,  0.,  0.,  0.,  0.,  0.], dtype=float32), array([8., 7., 0., 0., 0., 1., 0., 1., 0., 1., 0., 0., 0., 0., 0., 0., 1.,
       0., 0., 0., 0., 0., 0., 1., 0., 0., 0., 0., 0., 0., 1., 0., 0., 0.,
       0., 0., 0., 1., 0., 0., 0., 0., 0., 0., 1., 0., 0., 0., 0., 0., 0.,
       1., 0., 0., 0., 0., 0., 0., 1., 0., 0., 0., 0., 0., 0., 1., 0., 0.,
       0., 0., 0.], dtype=float32))
	Rew: [np.float64(-0.1), np.float64(0.0)]
	Done: False
	Accumulated Rew: ['-2.4', '9.2']
	Team Reward (cumulative): 43.2
	Battery: [0, 0]
Episode 2, Step 25:
	Obs: (array([10.,  6.,  0.,  0.,  0.,  1.,  0.,  1.,  0.,  1.,  0.,  0.,  0.,
        0.,  0.,  0.,  1.,  0.,  0.,  0.,  1.,  0.,  0.,  1.,  0.,  0.,
        0.,  1.,  0.,  0.,  1.,  0.,  0.,  0.,  0.,  0.,  0.,  1.,  0.,
        0.,  0.,  0.,  0.,  0.,  1.,  0.,  0.,  0.,  0.,  0.,  0.,  1.,
        0.,  0.,  0.,  0.,  0.,  0.,  1.,  0.,  0.,  0.,  0.,  0.,  0.,
        1.,  0.,  0.,  0.,  0.,  0.], dtype=float32), array([8., 7., 0., 0., 0., 1., 0., 1., 0., 1., 0., 0., 0., 0., 0., 0., 1.,
       0., 0., 0., 0., 0., 0., 1., 0., 0., 0., 0., 0., 0., 1., 0., 0., 0.,
       0., 0., 0., 1., 0., 0., 0., 0., 0., 0., 1., 0., 0., 0., 0., 0., 0.,
       1., 0., 0., 0., 0., 0., 0., 1., 0., 0., 0., 0., 0., 0., 1., 0., 0.,
       0., 0., 0.], dtype=float32))
	Rew: [np.float64(-0.1), np.float64(0.0)]
	Done: False
	Accumulated Rew: ['-2.5', '9.2']
	Team Reward (cumulative): 43.0
	Battery: [0, 0]
Episode 2, Step 26:
	Obs: (array([10.,  6.,  0.,  0.,  0.,  1.,  0.,  1.,  0.,  1.,  0.,  0.,  0.,
        0.,  0.,  0.,  1.,  0.,  0.,  0.,  1.,  0.,  0.,  1.,  0.,  0.,
        0.,  1.,  0.,  0.,  1.,  0.,  0.,  0.,  0.,  0.,  0.,  1.,  0.,
        0.,  0.,  0.,  0.,  0.,  1.,  0.,  0.,  0.,  0.,  0.,  0.,  1.,
        0.,  0.,  0.,  0.,  0.,  0.,  1.,  0.,  0.,  0.,  0.,  0.,  0.,
        1.,  0.,  0.,  0.,  0.,  0.], dtype=float32), array([8., 7., 0., 0., 0., 1., 0., 1., 0., 1., 0., 0., 0., 0., 0., 0., 1.,
       0., 0., 0., 0., 0., 0., 1., 0., 0., 0., 0., 0., 0., 1., 0., 0., 0.,
       0., 0., 0., 1., 0., 0., 0., 0., 0., 0., 1., 0., 0., 0., 0., 0., 0.,
       1., 0., 0., 0., 0., 0., 0., 1., 0., 0., 0., 0., 0., 0., 1., 0., 0.,
       0., 0., 0.], dtype=float32))
	Rew: [np.float64(-0.1), np.float64(0.0)]
	Done: False
	Accumulated Rew: ['-2.6', '9.2']
	Team Reward (cumulative): 42.8
	Battery: [0, 0]
Episode 2, Step 27:
	Obs: (array([10.,  6.,  0.,  0.,  0.,  1.,  0.,  1.,  0.,  1.,  0.,  0.,  0.,
        0.,  0.,  0.,  1.,  0.,  0.,  0.,  1.,  0.,  0.,  1.,  0.,  0.,
        0.,  1.,  0.,  0.,  1.,  0.,  0.,  0.,  0.,  0.,  0.,  1.,  0.,
        0.,  0.,  0.,  0.,  0.,  1.,  0.,  0.,  0.,  0.,  0.,  0.,  1.,
        0.,  0.,  0.,  0.,  0.,  0.,  1.,  0.,  0.,  0.,  0.,  0.,  0.,
        1.,  0.,  0.,  0.,  0.,  0.], dtype=float32), array([8., 7., 0., 0., 0., 1., 0., 1., 0., 1., 0., 0., 0., 0., 0., 0., 1.,
       0., 0., 0., 0., 0., 0., 1., 0., 0., 0., 0., 0., 0., 1., 0., 0., 0.,
       0., 0., 0., 1., 0., 0., 0., 0., 0., 0., 1., 0., 0., 0., 0., 0., 0.,
       1., 0., 0., 0., 0., 0., 0., 1., 0., 0., 0., 0., 0., 0., 1., 0., 0.,
       0., 0., 0.], dtype=float32))
	Rew: [np.float64(-0.1), np.float64(0.0)]
	Done: False
	Accumulated Rew: ['-2.7', '9.2']
	Team Reward (cumulative): 42.6
	Battery: [0, 0]
Episode 2, Step 28:
	Obs: (array([10.,  6.,  0.,  0.,  0.,  1.,  0.,  1.,  0.,  1.,  0.,  0.,  0.,
        0.,  0.,  0.,  1.,  0.,  0.,  0.,  1.,  0.,  0.,  1.,  0.,  0.,
        0.,  1.,  0.,  0.,  1.,  0.,  0.,  0.,  0.,  0.,  0.,  1.,  0.,
        0.,  0.,  0.,  0.,  0.,  1.,  0.,  0.,  0.,  0.,  0.,  0.,  1.,
        0.,  0.,  0.,  0.,  0.,  0.,  1.,  0.,  0.,  0.,  0.,  0.,  0.,
        1.,  0.,  0.,  0.,  0.,  0.], dtype=float32), array([8., 7., 0., 0., 0., 1., 0., 1., 0., 1., 0., 0., 0., 0., 0., 0., 1.,
       0., 0., 0., 0., 0., 0., 1., 0., 0., 0., 0., 0., 0., 1., 0., 0., 0.,
       0., 0., 0., 1., 0., 0., 0., 0., 0., 0., 1., 0., 0., 0., 0., 0., 0.,
       1., 0., 0., 0., 0., 0., 0., 1., 0., 0., 0., 0., 0., 0., 1., 0., 0.,
       0., 0., 0.], dtype=float32))
	Rew: [np.float64(-0.1), np.float64(0.0)]
	Done: False
	Accumulated Rew: ['-2.8', '9.2']
	Team Reward (cumulative): 42.4
	Battery: [0, 0]
Episode 2, Step 29:
	Obs: (array([10.,  6.,  0.,  0.,  0.,  1.,  0.,  1.,  0.,  1.,  0.,  0.,  0.,
        0.,  0.,  0.,  1.,  0.,  0.,  0.,  1.,  0.,  0.,  1.,  0.,  0.,
        0.,  1.,  0.,  0.,  1.,  0.,  0.,  0.,  0.,  0.,  0.,  1.,  0.,
        0.,  0.,  0.,  0.,  0.,  1.,  0.,  0.,  0.,  0.,  0.,  0.,  1.,
        0.,  0.,  0.,  0.,  0.,  0.,  1.,  0.,  0.,  0.,  0.,  0.,  0.,
        1.,  0.,  0.,  0.,  0.,  0.], dtype=float32), array([8., 7., 0., 0., 0., 1., 0., 1., 0., 1., 0., 0., 0., 0., 0., 0., 1.,
       0., 0., 0., 0., 0., 0., 1., 0., 0., 0., 0., 0., 0., 1., 0., 0., 0.,
       0., 0., 0., 1., 0., 0., 0., 0., 0., 0., 1., 0., 0., 0., 0., 0., 0.,
       1., 0., 0., 0., 0., 0., 0., 1., 0., 0., 0., 0., 0., 0., 1., 0., 0.,
       0., 0., 0.], dtype=float32))
	Rew: [np.float64(-0.1), np.float64(0.0)]
	Done: False
	Accumulated Rew: ['-2.9', '9.2']
	Team Reward (cumulative): 42.2
	Battery: [0, 0]
Episode 2, Step 30:
	Obs: (array([10.,  6.,  0.,  0.,  0.,  1.,  0.,  1.,  0.,  1.,  0.,  0.,  0.,
        0.,  0.,  0.,  1.,  0.,  0.,  0.,  1.,  0.,  0.,  1.,  0.,  0.,
        0.,  1.,  0.,  0.,  1.,  0.,  0.,  0.,  0.,  0.,  0.,  1.,  0.,
        0.,  0.,  0.,  0.,  0.,  1.,  0.,  0.,  0.,  0.,  0.,  0.,  1.,
        0.,  0.,  0.,  0.,  0.,  0.,  1.,  0.,  0.,  0.,  0.,  0.,  0.,
        1.,  0.,  0.,  0.,  0.,  0.], dtype=float32), array([8., 7., 0., 0., 0., 1., 0., 1., 0., 1., 0., 0., 0., 0., 0., 0., 1.,
       0., 0., 0., 0., 0., 0., 1., 0., 0., 0., 0., 0., 0., 1., 0., 0., 0.,
       0., 0., 0., 1., 0., 0., 0., 0., 0., 0., 1., 0., 0., 0., 0., 0., 0.,
       1., 0., 0., 0., 0., 0., 0., 1., 0., 0., 0., 0., 0., 0., 1., 0., 0.,
       0., 0., 0.], dtype=float32))
	Rew: [np.float64(-0.1), np.float64(0.0)]
	Done: False
	Accumulated Rew: ['-3.0', '9.2']
	Team Reward (cumulative): 42.0
	Battery: [0, 0]
Episode 2, Step 31:
	Obs: (array([10.,  6.,  0.,  0.,  0.,  1.,  0.,  1.,  0.,  1.,  0.,  0.,  0.,
        0.,  0.,  0.,  1.,  0.,  0.,  0.,  1.,  0.,  0.,  1.,  0.,  0.,
        0.,  1.,  0.,  0.,  1.,  0.,  0.,  0.,  0.,  0.,  0.,  1.,  0.,
        0.,  0.,  0.,  0.,  0.,  1.,  0.,  0.,  0.,  0.,  0.,  0.,  1.,
        0.,  0.,  0.,  0.,  0.,  0.,  1.,  0.,  0.,  0.,  0.,  0.,  0.,
        1.,  0.,  0.,  0.,  0.,  0.], dtype=float32), array([8., 7., 0., 0., 0., 1., 0., 1., 0., 1., 0., 0., 0., 0., 0., 0., 1.,
       0., 0., 0., 0., 0., 0., 1., 0., 0., 0., 0., 0., 0., 1., 0., 0., 0.,
       0., 0., 0., 1., 0., 0., 0., 0., 0., 0., 1., 0., 0., 0., 0., 0., 0.,
       1., 0., 0., 0., 0., 0., 0., 1., 0., 0., 0., 0., 0., 0., 1., 0., 0.,
       0., 0., 0.], dtype=float32))
	Rew: [np.float64(-0.1), np.float64(0.0)]
	Done: False
	Accumulated Rew: ['-3.1', '9.2']
	Team Reward (cumulative): 41.8
	Battery: [0, 0]
Episode 2, Step 32:
	Obs: (array([10.,  6.,  0.,  0.,  0.,  1.,  0.,  1.,  0.,  1.,  0.,  0.,  0.,
        0.,  0.,  0.,  1.,  0.,  0.,  0.,  1.,  0.,  0.,  1.,  0.,  0.,
        0.,  1.,  0.,  0.,  1.,  0.,  0.,  0.,  0.,  0.,  0.,  1.,  0.,
        0.,  0.,  0.,  0.,  0.,  1.,  0.,  0.,  0.,  0.,  0.,  0.,  1.,
        0.,  0.,  0.,  0.,  0.,  0.,  1.,  0.,  0.,  0.,  0.,  0.,  0.,
        1.,  0.,  0.,  0.,  0.,  0.], dtype=float32), array([8., 7., 0., 0., 0., 1., 0., 1., 0., 1., 0., 0., 0., 0., 0., 0., 1.,
       0., 0., 0., 0., 0., 0., 1., 0., 0., 0., 0., 0., 0., 1., 0., 0., 0.,
       0., 0., 0., 1., 0., 0., 0., 0., 0., 0., 1., 0., 0., 0., 0., 0., 0.,
       1., 0., 0., 0., 0., 0., 0., 1., 0., 0., 0., 0., 0., 0., 1., 0., 0.,
       0., 0., 0.], dtype=float32))
	Rew: [np.float64(-0.1), np.float64(0.0)]
	Done: False
	Accumulated Rew: ['-3.2', '9.2']
	Team Reward (cumulative): 41.6
	Battery: [0, 0]
Episode 2, Step 33:
	Obs: (array([10.,  6.,  0.,  0.,  0.,  1.,  0.,  1.,  0.,  1.,  0.,  0.,  0.,
        0.,  0.,  0.,  1.,  0.,  0.,  0.,  1.,  0.,  0.,  1.,  0.,  0.,
        0.,  1.,  0.,  0.,  1.,  0.,  0.,  0.,  0.,  0.,  0.,  1.,  0.,
        0.,  0.,  0.,  0.,  0.,  1.,  0.,  0.,  0.,  0.,  0.,  0.,  1.,
        0.,  0.,  0.,  0.,  0.,  0.,  1.,  0.,  0.,  0.,  0.,  0.,  0.,
        1.,  0.,  0.,  0.,  0.,  0.], dtype=float32), array([8., 7., 0., 0., 0., 1., 0., 1., 0., 1., 0., 0., 0., 0., 0., 0., 1.,
       0., 0., 0., 0., 0., 0., 1., 0., 0., 0., 0., 0., 0., 1., 0., 0., 0.,
       0., 0., 0., 1., 0., 0., 0., 0., 0., 0., 1., 0., 0., 0., 0., 0., 0.,
       1., 0., 0., 0., 0., 0., 0., 1., 0., 0., 0., 0., 0., 0., 1., 0., 0.,
       0., 0., 0.], dtype=float32))
	Rew: [np.float64(-0.1), np.float64(0.0)]
	Done: False
	Accumulated Rew: ['-3.3', '9.2']
	Team Reward (cumulative): 41.4
	Battery: [0, 0]
Episode 2, Step 34:
	Obs: (array([10.,  6.,  0.,  0.,  0.,  1.,  0.,  1.,  0.,  1.,  0.,  0.,  0.,
        0.,  0.,  0.,  1.,  0.,  0.,  0.,  1.,  0.,  0.,  1.,  0.,  0.,
        0.,  1.,  0.,  0.,  1.,  0.,  0.,  0.,  0.,  0.,  0.,  1.,  0.,
        0.,  0.,  0.,  0.,  0.,  1.,  0.,  0.,  0.,  0.,  0.,  0.,  1.,
        0.,  0.,  0.,  0.,  0.,  0.,  1.,  0.,  0.,  0.,  0.,  0.,  0.,
        1.,  0.,  0.,  0.,  0.,  0.], dtype=float32), array([8., 7., 0., 0., 0., 1., 0., 1., 0., 1., 0., 0., 0., 0., 0., 0., 1.,
       0., 0., 0., 0., 0., 0., 1., 0., 0., 0., 0., 0., 0., 1., 0., 0., 0.,
       0., 0., 0., 1., 0., 0., 0., 0., 0., 0., 1., 0., 0., 0., 0., 0., 0.,
       1., 0., 0., 0., 0., 0., 0., 1., 0., 0., 0., 0., 0., 0., 1., 0., 0.,
       0., 0., 0.], dtype=float32))
	Rew: [np.float64(-0.1), np.float64(0.0)]
	Done: False
	Accumulated Rew: ['-3.4', '9.2']
	Team Reward (cumulative): 41.2
	Battery: [0, 0]
Episode 2, Step 35:
	Obs: (array([10.,  6.,  0.,  0.,  0.,  1.,  0.,  1.,  0.,  1.,  0.,  0.,  0.,
        0.,  0.,  0.,  1.,  0.,  0.,  0.,  1.,  0.,  0.,  1.,  0.,  0.,
        0.,  1.,  0.,  0.,  1.,  0.,  0.,  0.,  0.,  0.,  0.,  1.,  0.,
        0.,  0.,  0.,  0.,  0.,  1.,  0.,  0.,  0.,  0.,  0.,  0.,  1.,
        0.,  0.,  0.,  0.,  0.,  0.,  1.,  0.,  0.,  0.,  0.,  0.,  0.,
        1.,  0.,  0.,  0.,  0.,  0.], dtype=float32), array([8., 7., 0., 0., 0., 1., 0., 1., 0., 1., 0., 0., 0., 0., 0., 0., 1.,
       0., 0., 0., 0., 0., 0., 1., 0., 0., 0., 0., 0., 0., 1., 0., 0., 0.,
       0., 0., 0., 1., 0., 0., 0., 0., 0., 0., 1., 0., 0., 0., 0., 0., 0.,
       1., 0., 0., 0., 0., 0., 0., 1., 0., 0., 0., 0., 0., 0., 1., 0., 0.,
       0., 0., 0.], dtype=float32))
	Rew: [np.float64(-0.1), np.float64(0.0)]
	Done: False
	Accumulated Rew: ['-3.5', '9.2']
	Team Reward (cumulative): 41.0
	Battery: [0, 0]
Episode 2, Step 36:
	Obs: (array([10.,  6.,  0.,  0.,  0.,  1.,  0.,  1.,  0.,  1.,  0.,  0.,  0.,
        0.,  0.,  0.,  1.,  0.,  0.,  0.,  1.,  0.,  0.,  1.,  0.,  0.,
        0.,  1.,  0.,  0.,  1.,  0.,  0.,  0.,  0.,  0.,  0.,  1.,  0.,
        0.,  0.,  0.,  0.,  0.,  1.,  0.,  0.,  0.,  0.,  0.,  0.,  1.,
        0.,  0.,  0.,  0.,  0.,  0.,  1.,  0.,  0.,  0.,  0.,  0.,  0.,
        1.,  0.,  0.,  0.,  0.,  0.], dtype=float32), array([8., 7., 0., 0., 0., 1., 0., 1., 0., 1., 0., 0., 0., 0., 0., 0., 1.,
       0., 0., 0., 0., 0., 0., 1., 0., 0., 0., 0., 0., 0., 1., 0., 0., 0.,
       0., 0., 0., 1., 0., 0., 0., 0., 0., 0., 1., 0., 0., 0., 0., 0., 0.,
       1., 0., 0., 0., 0., 0., 0., 1., 0., 0., 0., 0., 0., 0., 1., 0., 0.,
       0., 0., 0.], dtype=float32))
	Rew: [np.float64(-0.1), np.float64(0.0)]
	Done: False
	Accumulated Rew: ['-3.6', '9.2']
	Team Reward (cumulative): 40.8
	Battery: [0, 0]
Episode 2, Step 37:
	Obs: (array([10.,  6.,  0.,  0.,  0.,  1.,  0.,  1.,  0.,  1.,  0.,  0.,  0.,
        0.,  0.,  0.,  1.,  0.,  0.,  0.,  1.,  0.,  0.,  1.,  0.,  0.,
        0.,  1.,  0.,  0.,  1.,  0.,  0.,  0.,  0.,  0.,  0.,  1.,  0.,
        0.,  0.,  0.,  0.,  0.,  1.,  0.,  0.,  0.,  0.,  0.,  0.,  1.,
        0.,  0.,  0.,  0.,  0.,  0.,  1.,  0.,  0.,  0.,  0.,  0.,  0.,
        1.,  0.,  0.,  0.,  0.,  0.], dtype=float32), array([8., 7., 0., 0., 0., 1., 0., 1., 0., 1., 0., 0., 0., 0., 0., 0., 1.,
       0., 0., 0., 0., 0., 0., 1., 0., 0., 0., 0., 0., 0., 1., 0., 0., 0.,
       0., 0., 0., 1., 0., 0., 0., 0., 0., 0., 1., 0., 0., 0., 0., 0., 0.,
       1., 0., 0., 0., 0., 0., 0., 1., 0., 0., 0., 0., 0., 0., 1., 0., 0.,
       0., 0., 0.], dtype=float32))
	Rew: [np.float64(-0.1), np.float64(0.0)]
	Done: False
	Accumulated Rew: ['-3.7', '9.2']
	Team Reward (cumulative): 40.6
	Battery: [0, 0]
Episode 2, Step 38:
	Obs: (array([10.,  6.,  0.,  0.,  0.,  1.,  0.,  1.,  0.,  1.,  0.,  0.,  0.,
        0.,  0.,  0.,  1.,  0.,  0.,  0.,  1.,  0.,  0.,  1.,  0.,  0.,
        0.,  1.,  0.,  0.,  1.,  0.,  0.,  0.,  0.,  0.,  0.,  1.,  0.,
        0.,  0.,  0.,  0.,  0.,  1.,  0.,  0.,  0.,  0.,  0.,  0.,  1.,
        0.,  0.,  0.,  0.,  0.,  0.,  1.,  0.,  0.,  0.,  0.,  0.,  0.,
        1.,  0.,  0.,  0.,  0.,  0.], dtype=float32), array([8., 7., 0., 0., 0., 1., 0., 1., 0., 1., 0., 0., 0., 0., 0., 0., 1.,
       0., 0., 0., 0., 0., 0., 1., 0., 0., 0., 0., 0., 0., 1., 0., 0., 0.,
       0., 0., 0., 1., 0., 0., 0., 0., 0., 0., 1., 0., 0., 0., 0., 0., 0.,
       1., 0., 0., 0., 0., 0., 0., 1., 0., 0., 0., 0., 0., 0., 1., 0., 0.,
       0., 0., 0.], dtype=float32))
	Rew: [np.float64(-0.1), np.float64(0.0)]
	Done: False
	Accumulated Rew: ['-3.8', '9.2']
	Team Reward (cumulative): 40.4
	Battery: [0, 0]
Episode 2, Step 39:
	Obs: (array([10.,  6.,  0.,  0.,  0.,  1.,  0.,  1.,  0.,  1.,  0.,  0.,  0.,
        0.,  0.,  0.,  1.,  0.,  0.,  0.,  1.,  0.,  0.,  1.,  0.,  0.,
        0.,  1.,  0.,  0.,  1.,  0.,  0.,  0.,  0.,  0.,  0.,  1.,  0.,
        0.,  0.,  0.,  0.,  0.,  1.,  0.,  0.,  0.,  0.,  0.,  0.,  1.,
        0.,  0.,  0.,  0.,  0.,  0.,  1.,  0.,  0.,  0.,  0.,  0.,  0.,
        1.,  0.,  0.,  0.,  0.,  0.], dtype=float32), array([8., 7., 0., 0., 0., 1., 0., 1., 0., 1., 0., 0., 0., 0., 0., 0., 1.,
       0., 0., 0., 0., 0., 0., 1., 0., 0., 0., 0., 0., 0., 1., 0., 0., 0.,
       0., 0., 0., 1., 0., 0., 0., 0., 0., 0., 1., 0., 0., 0., 0., 0., 0.,
       1., 0., 0., 0., 0., 0., 0., 1., 0., 0., 0., 0., 0., 0., 1., 0., 0.,
       0., 0., 0.], dtype=float32))
	Rew: [np.float64(-0.1), np.float64(0.0)]
	Done: False
	Accumulated Rew: ['-3.9', '9.2']
	Team Reward (cumulative): 40.2
	Battery: [0, 0]
Episode 2, Step 40:
	Obs: (array([10.,  6.,  0.,  0.,  0.,  1.,  0.,  1.,  0.,  1.,  0.,  0.,  0.,
        0.,  0.,  0.,  1.,  0.,  0.,  0.,  1.,  0.,  0.,  1.,  0.,  0.,
        0.,  1.,  0.,  0.,  1.,  0.,  0.,  0.,  0.,  0.,  0.,  1.,  0.,
        0.,  0.,  0.,  0.,  0.,  1.,  0.,  0.,  0.,  0.,  0.,  0.,  1.,
        0.,  0.,  0.,  0.,  0.,  0.,  1.,  0.,  0.,  0.,  0.,  0.,  0.,
        1.,  0.,  0.,  0.,  0.,  0.], dtype=float32), array([8., 7., 0., 0., 0., 1., 0., 1., 0., 1., 0., 0., 0., 0., 0., 0., 1.,
       0., 0., 0., 0., 0., 0., 1., 0., 0., 0., 0., 0., 0., 1., 0., 0., 0.,
       0., 0., 0., 1., 0., 0., 0., 0., 0., 0., 1., 0., 0., 0., 0., 0., 0.,
       1., 0., 0., 0., 0., 0., 0., 1., 0., 0., 0., 0., 0., 0., 1., 0., 0.,
       0., 0., 0.], dtype=float32))
	Rew: [np.float64(-0.1), np.float64(0.0)]
	Done: False
	Accumulated Rew: ['-4.0', '9.2']
	Team Reward (cumulative): 40.0
	Battery: [0, 0]
Episode 2, Step 41:
	Obs: (array([10.,  6.,  0.,  0.,  0.,  1.,  0.,  1.,  0.,  1.,  0.,  0.,  0.,
        0.,  0.,  0.,  1.,  0.,  0.,  0.,  1.,  0.,  0.,  1.,  0.,  0.,
        0.,  1.,  0.,  0.,  1.,  0.,  0.,  0.,  0.,  0.,  0.,  1.,  0.,
        0.,  0.,  0.,  0.,  0.,  1.,  0.,  0.,  0.,  0.,  0.,  0.,  1.,
        0.,  0.,  0.,  0.,  0.,  0.,  1.,  0.,  0.,  0.,  0.,  0.,  0.,
        1.,  0.,  0.,  0.,  0.,  0.], dtype=float32), array([8., 7., 0., 0., 0., 1., 0., 1., 0., 1., 0., 0., 0., 0., 0., 0., 1.,
       0., 0., 0., 0., 0., 0., 1., 0., 0., 0., 0., 0., 0., 1., 0., 0., 0.,
       0., 0., 0., 1., 0., 0., 0., 0., 0., 0., 1., 0., 0., 0., 0., 0., 0.,
       1., 0., 0., 0., 0., 0., 0., 1., 0., 0., 0., 0., 0., 0., 1., 0., 0.,
       0., 0., 0.], dtype=float32))
	Rew: [np.float64(-0.1), np.float64(0.0)]
	Done: False
	Accumulated Rew: ['-4.1', '9.2']
	Team Reward (cumulative): 39.8
	Battery: [0, 0]
Episode 2, Step 42:
	Obs: (array([10.,  6.,  0.,  0.,  0.,  1.,  0.,  1.,  0.,  1.,  0.,  0.,  0.,
        0.,  0.,  0.,  1.,  0.,  0.,  0.,  1.,  0.,  0.,  1.,  0.,  0.,
        0.,  1.,  0.,  0.,  1.,  0.,  0.,  0.,  0.,  0.,  0.,  1.,  0.,
        0.,  0.,  0.,  0.,  0.,  1.,  0.,  0.,  0.,  0.,  0.,  0.,  1.,
        0.,  0.,  0.,  0.,  0.,  0.,  1.,  0.,  0.,  0.,  0.,  0.,  0.,
        1.,  0.,  0.,  0.,  0.,  0.], dtype=float32), array([8., 7., 0., 0., 0., 1., 0., 1., 0., 1., 0., 0., 0., 0., 0., 0., 1.,
       0., 0., 0., 0., 0., 0., 1., 0., 0., 0., 0., 0., 0., 1., 0., 0., 0.,
       0., 0., 0., 1., 0., 0., 0., 0., 0., 0., 1., 0., 0., 0., 0., 0., 0.,
       1., 0., 0., 0., 0., 0., 0., 1., 0., 0., 0., 0., 0., 0., 1., 0., 0.,
       0., 0., 0.], dtype=float32))
	Rew: [np.float64(-0.1), np.float64(0.0)]
	Done: False
	Accumulated Rew: ['-4.2', '9.2']
	Team Reward (cumulative): 39.6
	Battery: [0, 0]
Episode 2, Step 43:
	Obs: (array([10.,  6.,  0.,  0.,  0.,  1.,  0.,  1.,  0.,  1.,  0.,  0.,  0.,
        0.,  0.,  0.,  1.,  0.,  0.,  0.,  1.,  0.,  0.,  1.,  0.,  0.,
        0.,  1.,  0.,  0.,  1.,  0.,  0.,  0.,  0.,  0.,  0.,  1.,  0.,
        0.,  0.,  0.,  0.,  0.,  1.,  0.,  0.,  0.,  0.,  0.,  0.,  1.,
        0.,  0.,  0.,  0.,  0.,  0.,  1.,  0.,  0.,  0.,  0.,  0.,  0.,
        1.,  0.,  0.,  0.,  0.,  0.], dtype=float32), array([8., 7., 0., 0., 0., 1., 0., 1., 0., 1., 0., 0., 0., 0., 0., 0., 1.,
       0., 0., 0., 0., 0., 0., 1., 0., 0., 0., 0., 0., 0., 1., 0., 0., 0.,
       0., 0., 0., 1., 0., 0., 0., 0., 0., 0., 1., 0., 0., 0., 0., 0., 0.,
       1., 0., 0., 0., 0., 0., 0., 1., 0., 0., 0., 0., 0., 0., 1., 0., 0.,
       0., 0., 0.], dtype=float32))
	Rew: [np.float64(-0.1), np.float64(0.0)]
	Done: False
	Accumulated Rew: ['-4.3', '9.2']
	Team Reward (cumulative): 39.4
	Battery: [0, 0]
Episode 2, Step 44:
	Obs: (array([10.,  6.,  0.,  0.,  0.,  1.,  0.,  1.,  0.,  1.,  0.,  0.,  0.,
        0.,  0.,  0.,  1.,  0.,  0.,  0.,  1.,  0.,  0.,  1.,  0.,  0.,
        0.,  1.,  0.,  0.,  1.,  0.,  0.,  0.,  0.,  0.,  0.,  1.,  0.,
        0.,  0.,  0.,  0.,  0.,  1.,  0.,  0.,  0.,  0.,  0.,  0.,  1.,
        0.,  0.,  0.,  0.,  0.,  0.,  1.,  0.,  0.,  0.,  0.,  0.,  0.,
        1.,  0.,  0.,  0.,  0.,  0.], dtype=float32), array([8., 7., 0., 0., 0., 1., 0., 1., 0., 1., 0., 0., 0., 0., 0., 0., 1.,
       0., 0., 0., 0., 0., 0., 1., 0., 0., 0., 0., 0., 0., 1., 0., 0., 0.,
       0., 0., 0., 1., 0., 0., 0., 0., 0., 0., 1., 0., 0., 0., 0., 0., 0.,
       1., 0., 0., 0., 0., 0., 0., 1., 0., 0., 0., 0., 0., 0., 1., 0., 0.,
       0., 0., 0.], dtype=float32))
	Rew: [np.float64(-0.1), np.float64(0.0)]
	Done: False
	Accumulated Rew: ['-4.4', '9.2']
	Team Reward (cumulative): 39.2
	Battery: [0, 0]
Episode 2, Step 45:
	Obs: (array([10.,  6.,  0.,  0.,  0.,  1.,  0.,  1.,  0.,  1.,  0.,  0.,  0.,
        0.,  0.,  0.,  1.,  0.,  0.,  0.,  1.,  0.,  0.,  1.,  0.,  0.,
        0.,  1.,  0.,  0.,  1.,  0.,  0.,  0.,  0.,  0.,  0.,  1.,  0.,
        0.,  0.,  0.,  0.,  0.,  1.,  0.,  0.,  0.,  0.,  0.,  0.,  1.,
        0.,  0.,  0.,  0.,  0.,  0.,  1.,  0.,  0.,  0.,  0.,  0.,  0.,
        1.,  0.,  0.,  0.,  0.,  0.], dtype=float32), array([8., 7., 0., 0., 0., 1., 0., 1., 0., 1., 0., 0., 0., 0., 0., 0., 1.,
       0., 0., 0., 0., 0., 0., 1., 0., 0., 0., 0., 0., 0., 1., 0., 0., 0.,
       0., 0., 0., 1., 0., 0., 0., 0., 0., 0., 1., 0., 0., 0., 0., 0., 0.,
       1., 0., 0., 0., 0., 0., 0., 1., 0., 0., 0., 0., 0., 0., 1., 0., 0.,
       0., 0., 0.], dtype=float32))
	Rew: [np.float64(-0.1), np.float64(0.0)]
	Done: False
	Accumulated Rew: ['-4.5', '9.2']
	Team Reward (cumulative): 39.0
	Battery: [0, 0]
Episode 2, Step 46:
	Obs: (array([10.,  6.,  0.,  0.,  0.,  1.,  0.,  1.,  0.,  1.,  0.,  0.,  0.,
        0.,  0.,  0.,  1.,  0.,  0.,  0.,  1.,  0.,  0.,  1.,  0.,  0.,
        0.,  1.,  0.,  0.,  1.,  0.,  0.,  0.,  0.,  0.,  0.,  1.,  0.,
        0.,  0.,  0.,  0.,  0.,  1.,  0.,  0.,  0.,  0.,  0.,  0.,  1.,
        0.,  0.,  0.,  0.,  0.,  0.,  1.,  0.,  0.,  0.,  0.,  0.,  0.,
        1.,  0.,  0.,  0.,  0.,  0.], dtype=float32), array([8., 7., 0., 0., 0., 1., 0., 1., 0., 1., 0., 0., 0., 0., 0., 0., 1.,
       0., 0., 0., 0., 0., 0., 1., 0., 0., 0., 0., 0., 0., 1., 0., 0., 0.,
       0., 0., 0., 1., 0., 0., 0., 0., 0., 0., 1., 0., 0., 0., 0., 0., 0.,
       1., 0., 0., 0., 0., 0., 0., 1., 0., 0., 0., 0., 0., 0., 1., 0., 0.,
       0., 0., 0.], dtype=float32))
	Rew: [np.float64(-0.1), np.float64(0.0)]
	Done: False
	Accumulated Rew: ['-4.6', '9.2']
	Team Reward (cumulative): 38.8
	Battery: [0, 0]
Episode 2, Step 47:
	Obs: (array([10.,  6.,  0.,  0.,  0.,  1.,  0.,  1.,  0.,  1.,  0.,  0.,  0.,
        0.,  0.,  0.,  1.,  0.,  0.,  0.,  1.,  0.,  0.,  1.,  0.,  0.,
        0.,  1.,  0.,  0.,  1.,  0.,  0.,  0.,  0.,  0.,  0.,  1.,  0.,
        0.,  0.,  0.,  0.,  0.,  1.,  0.,  0.,  0.,  0.,  0.,  0.,  1.,
        0.,  0.,  0.,  0.,  0.,  0.,  1.,  0.,  0.,  0.,  0.,  0.,  0.,
        1.,  0.,  0.,  0.,  0.,  0.], dtype=float32), array([8., 7., 0., 0., 0., 1., 0., 1., 0., 1., 0., 0., 0., 0., 0., 0., 1.,
       0., 0., 0., 0., 0., 0., 1., 0., 0., 0., 0., 0., 0., 1., 0., 0., 0.,
       0., 0., 0., 1., 0., 0., 0., 0., 0., 0., 1., 0., 0., 0., 0., 0., 0.,
       1., 0., 0., 0., 0., 0., 0., 1., 0., 0., 0., 0., 0., 0., 1., 0., 0.,
       0., 0., 0.], dtype=float32))
	Rew: [np.float64(-0.1), np.float64(0.0)]
	Done: False
	Accumulated Rew: ['-4.7', '9.2']
	Team Reward (cumulative): 38.6
	Battery: [0, 0]
Episode 2, Step 48:
	Obs: (array([10.,  6.,  0.,  0.,  0.,  1.,  0.,  1.,  0.,  1.,  0.,  0.,  0.,
        0.,  0.,  0.,  1.,  0.,  0.,  0.,  1.,  0.,  0.,  1.,  0.,  0.,
        0.,  1.,  0.,  0.,  1.,  0.,  0.,  0.,  0.,  0.,  0.,  1.,  0.,
        0.,  0.,  0.,  0.,  0.,  1.,  0.,  0.,  0.,  0.,  0.,  0.,  1.,
        0.,  0.,  0.,  0.,  0.,  0.,  1.,  0.,  0.,  0.,  0.,  0.,  0.,
        1.,  0.,  0.,  0.,  0.,  0.], dtype=float32), array([8., 7., 0., 0., 0., 1., 0., 1., 0., 1., 0., 0., 0., 0., 0., 0., 1.,
       0., 0., 0., 0., 0., 0., 1., 0., 0., 0., 0., 0., 0., 1., 0., 0., 0.,
       0., 0., 0., 1., 0., 0., 0., 0., 0., 0., 1., 0., 0., 0., 0., 0., 0.,
       1., 0., 0., 0., 0., 0., 0., 1., 0., 0., 0., 0., 0., 0., 1., 0., 0.,
       0., 0., 0.], dtype=float32))
	Rew: [np.float64(-0.1), np.float64(0.0)]
	Done: False
	Accumulated Rew: ['-4.8', '9.2']
	Team Reward (cumulative): 38.4
	Battery: [0, 0]
Episode 2, Step 49:
	Obs: (array([10.,  6.,  0.,  0.,  0.,  1.,  0.,  1.,  0.,  1.,  0.,  0.,  0.,
        0.,  0.,  0.,  1.,  0.,  0.,  0.,  1.,  0.,  0.,  1.,  0.,  0.,
        0.,  1.,  0.,  0.,  1.,  0.,  0.,  0.,  0.,  0.,  0.,  1.,  0.,
        0.,  0.,  0.,  0.,  0.,  1.,  0.,  0.,  0.,  0.,  0.,  0.,  1.,
        0.,  0.,  0.,  0.,  0.,  0.,  1.,  0.,  0.,  0.,  0.,  0.,  0.,
        1.,  0.,  0.,  0.,  0.,  0.], dtype=float32), array([8., 7., 0., 0., 0., 1., 0., 1., 0., 1., 0., 0., 0., 0., 0., 0., 1.,
       0., 0., 0., 0., 0., 0., 1., 0., 0., 0., 0., 0., 0., 1., 0., 0., 0.,
       0., 0., 0., 1., 0., 0., 0., 0., 0., 0., 1., 0., 0., 0., 0., 0., 0.,
       1., 0., 0., 0., 0., 0., 0., 1., 0., 0., 0., 0., 0., 0., 1., 0., 0.,
       0., 0., 0.], dtype=float32))
	Rew: [np.float64(-0.1), np.float64(0.0)]
	Done: False
	Accumulated Rew: ['-4.9', '9.2']
	Team Reward (cumulative): 38.2
	Battery: [0, 0]
