Episode 1, Step 1:
	Obs: (array([5., 4., 0., 0., 0., 0., 1., 0., 0., 1., 0., 0., 0., 1., 0., 0., 1.,
       0., 0., 0., 1., 0., 0., 1., 0., 0., 0., 0., 0., 0., 1., 0., 0., 0.,
       1., 0., 1., 0., 0., 0., 1., 1., 0., 0., 1., 0., 0., 0., 0., 0., 0.,
       1., 0., 0., 0., 1., 0., 0., 1., 0., 0., 0., 1., 0., 0., 1., 0., 0.,
       0., 0., 0.], dtype=float32), array([11.,  2.,  0.,  0.,  0.,  0.,  1.,  0.,  0.,  1.,  0.,  0.,  0.,
        1.,  1.,  0.,  1.,  0.,  0.,  0.,  1.,  0.,  0.,  1.,  0.,  0.,
        0.,  0.,  0.,  0.,  1.,  0.,  0.,  0.,  1.,  0.,  1.,  0.,  0.,
        0.,  1.,  1.,  0.,  0.,  1.,  0.,  0.,  0.,  0.,  0.,  0.,  1.,
        0.,  0.,  0.,  1.,  0.,  0.,  1.,  0.,  0.,  0.,  1.,  0.,  0.,
        1.,  0.,  0.,  0.,  0.,  0.], dtype=float32))
	Rew: [np.float64(-1.0), np.float64(-1.0)]
	Done: False
	Accumulated Rew: ['-1.0', '-1.0']
	Team Reward (cumulative): -0.2
	Battery: [10, 10]
Episode 1, Step 2:
	Obs: (array([6., 4., 0., 0., 0., 0., 1., 1., 0., 1., 0., 0., 0., 1., 0., 0., 1.,
       0., 0., 0., 0., 0., 0., 1., 0., 0., 0., 0., 0., 1., 0., 0., 0., 1.,
       1., 0., 0., 1., 0., 0., 0., 0., 0., 0., 1., 0., 0., 0., 0., 0., 0.,
       1., 0., 0., 0., 1., 0., 0., 1., 0., 0., 0., 0., 0., 0., 1., 0., 0.,
       0., 0., 0.], dtype=float32), array([12.,  2.,  0.,  0.,  0.,  0.,  1.,  1.,  0.,  1.,  0.,  0.,  0.,
        1.,  0.,  0.,  1.,  0.,  0.,  0.,  0.,  0.,  0.,  1.,  0.,  0.,
        0.,  1.,  0.,  1.,  0.,  0.,  0.,  1.,  1.,  0.,  0.,  1.,  0.,
        0.,  0.,  0.,  0.,  0.,  1.,  0.,  0.,  0.,  1.,  0.,  0.,  1.,
        0.,  0.,  0.,  1.,  0.,  0.,  1.,  0.,  0.,  0.,  0.,  0.,  0.,
        1.,  0.,  0.,  0.,  1.,  0.], dtype=float32))
	Rew: [np.float64(-0.1), np.float64(-0.1)]
	Done: False
	Accumulated Rew: ['-1.1', '-1.1']
	Team Reward (cumulative): -0.4
	Battery: [9.0, 9.0]
Episode 1, Step 3:
	Obs: (array([7., 4., 0., 0., 0., 0., 1., 1., 0., 1., 0., 0., 0., 0., 0., 0., 1.,
       0., 0., 0., 0., 0., 0., 1., 0., 0., 0., 0., 0., 0., 1., 0., 0., 0.,
       0., 0., 0., 1., 0., 0., 0., 0., 0., 0., 1., 0., 0., 0., 0., 0., 0.,
       1., 0., 0., 0., 0., 0., 0., 1., 0., 0., 0., 0., 0., 0., 1., 0., 0.,
       0., 0., 0.], dtype=float32), array([12.,  2.,  0.,  0.,  1.,  0.,  0.,  1.,  0.,  1.,  0.,  0.,  0.,
        1.,  0.,  0.,  1.,  0.,  0.,  0.,  0.,  0.,  0.,  1.,  0.,  0.,
        0.,  1.,  0.,  1.,  0.,  1.,  0.,  0.,  1.,  0.,  0.,  1.,  0.,
        0.,  0.,  0.,  0.,  0.,  1.,  0.,  0.,  0.,  1.,  0.,  0.,  1.,
        0.,  0.,  0.,  1.,  0.,  0.,  1.,  0.,  0.,  0.,  0.,  0.,  0.,
        1.,  0.,  0.,  0.,  1.,  0.], dtype=float32))
	Rew: [np.float64(-0.1), np.float64(-0.1)]
	Done: False
	Accumulated Rew: ['-1.2', '-1.2']
	Team Reward (cumulative): -0.6
	Battery: [8.0, 9.0]
Episode 1, Step 4:
	Obs: (array([7., 4., 0., 0., 1., 0., 0., 1., 0., 1., 0., 0., 0., 0., 0., 0., 1.,
       0., 0., 0., 0., 0., 0., 1., 0., 0., 0., 0., 0., 0., 1., 0., 0., 0.,
       0., 0., 0., 1., 0., 0., 0., 0., 0., 0., 1., 0., 0., 0., 0., 0., 0.,
       1., 0., 0., 0., 0., 0., 0., 1., 0., 0., 0., 0., 0., 0., 1., 0., 0.,
       0., 0., 0.], dtype=float32), array([12.,  3.,  0.,  0.,  1.,  0.,  0.,  1.,  1.,  0.,  1.,  0.,  0.,
        1.,  0.,  0.,  1.,  0.,  0.,  0.,  0.,  0.,  0.,  1.,  0.,  0.,
        0.,  1.,  0.,  0.,  1.,  0.,  0.,  0.,  1.,  0.,  0.,  1.,  0.,
        0.,  0.,  0.,  0.,  0.,  1.,  0.,  0.,  0.,  1.,  0.,  0.,  1.,
        0.,  0.,  0.,  1.,  0.,  0.,  1.,  0.,  0.,  0.,  0.,  0.,  0.,
        1.,  0.,  0.,  0.,  1.,  0.], dtype=float32))
	Rew: [np.float64(-0.1), np.float64(-0.1)]
	Done: False
	Accumulated Rew: ['-1.3', '-1.3']
	Team Reward (cumulative): -0.8
	Battery: [8.0, 8.0]
Episode 1, Step 5:
	Obs: (array([7., 5., 0., 0., 1., 0., 0., 1., 0., 1., 0., 0., 0., 0., 0., 0., 1.,
       0., 0., 0., 0., 0., 0., 1., 0., 0., 0., 0., 0., 0., 1., 0., 0., 0.,
       0., 0., 0., 1., 0., 0., 0., 0., 0., 0., 1., 0., 0., 0., 0., 0., 0.,
       1., 0., 0., 0., 0., 0., 0., 1., 0., 0., 0., 0., 0., 0., 1., 0., 0.,
       0., 0., 0.], dtype=float32), array([12.,  4.,  0.,  0.,  1.,  0.,  0.,  1.,  0.,  1.,  0.,  0.,  0.,
        1.,  0.,  0.,  1.,  0.,  0.,  0.,  0.,  0.,  0.,  1.,  0.,  0.,
        0.,  1.,  0.,  0.,  1.,  0.,  0.,  0.,  1.,  0.,  0.,  1.,  0.,
        0.,  0.,  0.,  0.,  0.,  1.,  0.,  0.,  0.,  1.,  0.,  0.,  1.,
        0.,  0.,  0.,  1.,  0.,  0.,  1.,  0.,  0.,  0.,  0.,  0.,  0.,
        1.,  0.,  0.,  0.,  1.,  0.], dtype=float32))
	Rew: [np.float64(-0.1), np.float64(-0.1)]
	Done: False
	Accumulated Rew: ['-1.4', '-1.4']
	Team Reward (cumulative): -1.0
	Battery: [7.0, 7.0]
Episode 1, Step 6:
	Obs: (array([7., 6., 0., 0., 1., 0., 0., 1., 0., 1., 0., 0., 0., 0., 0., 0., 1.,
       0., 0., 0., 0., 0., 0., 1., 0., 0., 0., 0., 0., 0., 1., 0., 0., 0.,
       0., 0., 0., 1., 0., 0., 0., 0., 0., 0., 1., 0., 0., 0., 0., 0., 0.,
       1., 0., 0., 0., 0., 0., 0., 1., 0., 0., 0., 0., 0., 0., 1., 0., 0.,
       0., 0., 0.], dtype=float32), array([12.,  5.,  0.,  0.,  1.,  0.,  0.,  1.,  0.,  1.,  0.,  0.,  0.,
        1.,  0.,  0.,  1.,  0.,  0.,  0.,  0.,  0.,  0.,  1.,  0.,  0.,
        0.,  1.,  0.,  0.,  1.,  0.,  0.,  0.,  1.,  0.,  0.,  1.,  0.,
        0.,  0.,  0.,  0.,  0.,  1.,  0.,  0.,  0.,  1.,  0.,  0.,  1.,
        0.,  0.,  0.,  0.,  0.,  0.,  1.,  0.,  0.,  0.,  0.,  0.,  0.,
        1.,  0.,  0.,  0.,  0.,  0.], dtype=float32))
	Rew: [np.float64(-0.1), np.float64(-0.1)]
	Done: False
	Accumulated Rew: ['-1.5', '-1.5']
	Team Reward (cumulative): -1.2
	Battery: [6.0, 6.0]
Episode 1, Step 7:
	Obs: (array([7., 7., 0., 0., 1., 0., 0., 1., 0., 1., 0., 0., 0., 0., 0., 0., 1.,
       0., 0., 0., 0., 0., 0., 1., 0., 0., 0., 0., 0., 0., 1., 0., 0., 0.,
       0., 0., 0., 1., 0., 0., 0., 0., 0., 0., 1., 0., 0., 0., 0., 0., 0.,
       1., 0., 0., 0., 0., 0., 0., 1., 0., 0., 0., 0., 0., 0., 1., 0., 0.,
       0., 0., 0.], dtype=float32), array([12.,  6.,  0.,  0.,  1.,  0.,  0.,  1.,  0.,  1.,  0.,  0.,  0.,
        1.,  0.,  0.,  1.,  0.,  0.,  0.,  0.,  0.,  0.,  1.,  0.,  0.,
        0.,  1.,  0.,  0.,  1.,  0.,  0.,  0.,  0.,  0.,  0.,  1.,  0.,
        0.,  0.,  0.,  0.,  0.,  1.,  0.,  0.,  0.,  0.,  0.,  0.,  1.,
        0.,  0.,  0.,  0.,  0.,  0.,  1.,  0.,  0.,  0.,  0.,  0.,  0.,
        1.,  0.,  0.,  0.,  0.,  0.], dtype=float32))
	Rew: [np.float64(10.0), np.float64(-0.1)]
	Done: False
	Accumulated Rew: ['8.5', '-1.6']
	Team Reward (cumulative): -1.4
	Battery: [5.0, 5.0]
Episode 1, Step 8:
	Obs: (array([7., 7., 0., 0., 1., 0., 0., 1., 0., 1., 0., 0., 0., 0., 0., 0., 1.,
       0., 0., 0., 0., 0., 0., 1., 0., 0., 0., 0., 0., 0., 1., 0., 0., 0.,
       0., 0., 0., 1., 0., 0., 0., 0., 0., 0., 1., 0., 0., 0., 0., 0., 0.,
       1., 0., 0., 0., 0., 0., 0., 1., 0., 0., 0., 0., 0., 0., 1., 0., 0.,
       0., 0., 0.], dtype=float32), array([12.,  6.,  0.,  0.,  0.,  1.,  0.,  1.,  0.,  1.,  0.,  0.,  0.,
        1.,  0.,  0.,  1.,  0.,  0.,  0.,  0.,  0.,  0.,  1.,  0.,  0.,
        0.,  1.,  0.,  0.,  1.,  0.,  0.,  0.,  0.,  0.,  0.,  1.,  0.,
        0.,  0.,  0.,  0.,  0.,  1.,  0.,  0.,  0.,  0.,  0.,  0.,  1.,
        0.,  0.,  0.,  0.,  0.,  0.,  1.,  0.,  0.,  0.,  0.,  0.,  0.,
        1.,  0.,  0.,  0.,  0.,  0.], dtype=float32))
	Rew: [np.float64(0.0), np.float64(-0.1)]
	Done: False
	Accumulated Rew: ['8.5', '-1.7']
	Team Reward (cumulative): -1.6
	Battery: [5.0, 5.0]
Episode 1, Step 9:
	Obs: (array([7., 7., 0., 0., 1., 0., 0., 1., 0., 1., 0., 0., 0., 0., 0., 0., 1.,
       0., 0., 0., 0., 0., 0., 1., 0., 0., 0., 0., 0., 0., 1., 0., 0., 0.,
       0., 0., 0., 1., 0., 0., 0., 0., 0., 0., 1., 0., 0., 0., 0., 0., 0.,
       1., 0., 0., 0., 0., 0., 0., 1., 0., 0., 0., 0., 0., 0., 1., 0., 0.,
       0., 0., 0.], dtype=float32), array([11.,  6.,  0.,  0.,  0.,  1.,  0.,  1.,  0.,  1.,  0.,  0.,  0.,
        1.,  0.,  0.,  1.,  0.,  0.,  0.,  1.,  0.,  0.,  1.,  0.,  0.,
        0.,  0.,  0.,  0.,  1.,  0.,  0.,  0.,  0.,  0.,  0.,  1.,  0.,
        0.,  0.,  0.,  0.,  0.,  1.,  0.,  0.,  0.,  0.,  0.,  0.,  1.,
        0.,  0.,  0.,  0.,  0.,  0.,  1.,  0.,  0.,  0.,  0.,  0.,  0.,
        1.,  0.,  0.,  0.,  0.,  0.], dtype=float32))
	Rew: [np.float64(0.0), np.float64(-0.1)]
	Done: False
	Accumulated Rew: ['8.5', '-1.8']
	Team Reward (cumulative): -1.8
	Battery: [5.0, 4.0]
Episode 1, Step 10:
	Obs: (array([7., 7., 0., 0., 1., 0., 0., 1., 0., 1., 0., 0., 0., 0., 0., 0., 1.,
       0., 0., 0., 0., 0., 0., 1., 0., 0., 0., 0., 0., 0., 1., 0., 0., 0.,
       0., 0., 0., 1., 0., 0., 0., 0., 0., 0., 1., 0., 0., 0., 0., 0., 0.,
       1., 0., 0., 0., 0., 0., 0., 1., 0., 0., 0., 0., 0., 0., 1., 0., 0.,
       0., 0., 0.], dtype=float32), array([10.,  6.,  0.,  0.,  0.,  1.,  0.,  1.,  0.,  1.,  0.,  0.,  0.,
        0.,  0.,  0.,  1.,  0.,  0.,  0.,  1.,  0.,  0.,  1.,  0.,  0.,
        0.,  1.,  0.,  0.,  1.,  0.,  0.,  0.,  0.,  0.,  0.,  1.,  0.,
        0.,  0.,  0.,  0.,  0.,  1.,  0.,  0.,  0.,  0.,  0.,  0.,  1.,
        0.,  0.,  0.,  0.,  0.,  0.,  1.,  0.,  0.,  0.,  0.,  0.,  0.,
        1.,  0.,  0.,  0.,  0.,  0.], dtype=float32))
	Rew: [np.float64(0.0), np.float64(-0.1)]
	Done: False
	Accumulated Rew: ['8.5', '-1.9']
	Team Reward (cumulative): -2.0
	Battery: [5.0, 3.0]
Episode 1, Step 11:
	Obs: (array([7., 7., 0., 0., 1., 0., 0., 1., 0., 1., 0., 0., 0., 0., 0., 0., 1.,
       0., 0., 0., 0., 0., 0., 1., 0., 0., 0., 0., 0., 0., 1., 0., 0., 0.,
       0., 0., 0., 1., 0., 0., 0., 0., 0., 0., 1., 0., 0., 0., 0., 0., 0.,
       1., 0., 0., 0., 0., 0., 0., 1., 0., 0., 0., 0., 0., 0., 1., 0., 0.,
       0., 0., 0.], dtype=float32), array([9., 6., 0., 0., 0., 1., 0., 1., 0., 1., 0., 0., 0., 0., 0., 0., 1.,
       0., 0., 0., 0., 0., 0., 1., 0., 0., 0., 1., 0., 0., 1., 0., 0., 0.,
       0., 0., 0., 1., 0., 0., 0., 0., 0., 0., 1., 0., 0., 0., 0., 0., 0.,
       1., 0., 0., 0., 0., 0., 0., 1., 0., 0., 0., 0., 0., 0., 1., 0., 0.,
       0., 0., 0.], dtype=float32))
	Rew: [np.float64(0.0), np.float64(-0.1)]
	Done: False
	Accumulated Rew: ['8.5', '-2.0']
	Team Reward (cumulative): -2.2
	Battery: [5.0, 2.0]
Episode 1, Step 12:
	Obs: (array([7., 7., 0., 0., 1., 0., 0., 1., 0., 1., 0., 0., 0., 0., 0., 0., 1.,
       0., 0., 0., 0., 0., 0., 1., 0., 0., 0., 0., 0., 0., 1., 0., 0., 0.,
       0., 0., 0., 1., 0., 0., 0., 0., 0., 0., 1., 0., 0., 0., 0., 0., 0.,
       1., 0., 0., 0., 0., 0., 0., 1., 0., 0., 0., 0., 0., 0., 1., 0., 0.,
       0., 0., 0.], dtype=float32), array([8., 6., 0., 0., 0., 1., 0., 1., 0., 1., 0., 0., 0., 0., 0., 0., 1.,
       0., 0., 0., 0., 0., 0., 1., 0., 0., 0., 0., 0., 0., 1., 0., 0., 0.,
       0., 0., 0., 1., 0., 0., 0., 0., 0., 0., 1., 0., 0., 0., 0., 0., 0.,
       1., 0., 0., 0., 0., 0., 0., 1., 0., 0., 0., 0., 0., 0., 1., 0., 0.,
       0., 0., 0.], dtype=float32))
	Rew: [np.float64(0.0), np.float64(-0.1)]
	Done: False
	Accumulated Rew: ['8.5', '-2.1']
	Team Reward (cumulative): -2.4
	Battery: [5.0, 1.0]
Episode 1, Step 13:
	Obs: (array([7., 7., 0., 0., 1., 0., 0., 1., 0., 1., 0., 0., 0., 0., 0., 0., 1.,
       0., 0., 0., 0., 0., 0., 1., 0., 0., 0., 0., 0., 0., 1., 0., 0., 0.,
       0., 0., 0., 1., 0., 0., 0., 0., 0., 0., 1., 0., 0., 0., 0., 0., 0.,
       1., 0., 0., 0., 0., 0., 0., 1., 0., 0., 0., 0., 0., 0., 1., 0., 0.,
       0., 0., 0.], dtype=float32), array([8., 6., 0., 0., 1., 0., 0., 1., 0., 1., 0., 0., 0., 0., 0., 0., 1.,
       0., 0., 0., 0., 0., 0., 1., 0., 0., 0., 0., 0., 0., 1., 0., 0., 0.,
       0., 0., 0., 1., 0., 0., 0., 0., 0., 0., 1., 0., 0., 0., 0., 0., 0.,
       1., 0., 0., 0., 0., 0., 0., 1., 0., 0., 0., 0., 0., 0., 1., 0., 0.,
       0., 0., 0.], dtype=float32))
	Rew: [np.float64(0.0), np.float64(-0.1)]
	Done: False
	Accumulated Rew: ['8.5', '-2.2']
	Team Reward (cumulative): -2.6
	Battery: [5.0, 1.0]
Episode 1, Step 14:
	Obs: (array([7., 7., 0., 0., 1., 0., 0., 1., 0., 1., 0., 0., 0., 0., 0., 0., 1.,
       0., 0., 0., 0., 0., 0., 1., 0., 0., 0., 0., 0., 0., 1., 0., 0., 0.,
       0., 0., 0., 1., 0., 0., 0., 0., 0., 0., 1., 0., 0., 0., 0., 0., 0.,
       1., 0., 0., 0., 0., 0., 0., 1., 0., 0., 0., 0., 0., 0., 1., 0., 0.,
       0., 0., 0.], dtype=float32), array([8., 7., 0., 0., 1., 0., 0., 1., 0., 1., 0., 0., 0., 0., 0., 0., 1.,
       0., 0., 0., 0., 0., 0., 1., 0., 0., 0., 0., 0., 0., 1., 0., 0., 0.,
       0., 0., 0., 1., 0., 0., 0., 0., 0., 0., 1., 0., 0., 0., 0., 0., 0.,
       1., 0., 0., 0., 0., 0., 0., 1., 0., 0., 0., 0., 0., 0., 1., 0., 0.,
       0., 0., 0.], dtype=float32))
	Rew: [np.float64(0.0), np.float64(10.0)]
	Done: True
	Accumulated Rew: ['8.5', '7.8']
	Team Reward (cumulative): 47.2
	Battery: [5.0, 0]
Episode finished. Episodic returns: [8.5 7.8]Team Reward (cumulative): 47.2Episode 2, Step 1:
	Obs: (array([7., 3., 0., 0., 0., 0., 1., 1., 0., 1., 0., 0., 0., 0., 0., 0., 1.,
       0., 0., 0., 0., 0., 0., 1., 0., 0., 0., 0., 0., 1., 0., 0., 0., 1.,
       0., 0., 0., 1., 0., 0., 0., 0., 0., 0., 1., 0., 0., 0., 0., 0., 0.,
       1., 0., 0., 0., 0., 0., 0., 1., 0., 0., 0., 0., 0., 0., 1., 0., 0.,
       0., 0., 0.], dtype=float32), array([14.,  5.,  0.,  0.,  0.,  1.,  0.,  0.,  0.,  1.,  0.,  0.,  0.,
        1.,  0.,  0.,  1.,  0.,  0.,  0.,  1.,  0.,  0.,  1.,  0.,  0.,
        0.,  0.,  0.,  0.,  1.,  0.,  0.,  0.,  1.,  0.,  1.,  0.,  0.,
        1.,  0.,  1.,  0.,  0.,  1.,  0.,  0.,  0.,  0.,  0.,  0.,  1.,
        0.,  0.,  0.,  0.,  0.,  0.,  1.,  0.,  0.,  0.,  0.,  0.,  0.,
        1.,  0.,  0.,  0.,  0.,  0.], dtype=float32))
	Rew: [np.float64(-0.1), np.float64(-1.0)]
	Done: False
	Accumulated Rew: ['-0.1', '-1.0']
	Team Reward (cumulative): 47.0
	Battery: [4.0, 0]
Episode 2, Step 2:
	Obs: (array([7., 3., 0., 0., 1., 0., 0., 1., 0., 1., 0., 0., 0., 0., 0., 0., 1.,
       0., 0., 0., 0., 0., 0., 1., 0., 0., 0., 0., 0., 1., 0., 1., 0., 0.,
       0., 0., 0., 1., 0., 0., 0., 0., 0., 0., 1., 0., 0., 0., 0., 0., 0.,
       1., 0., 0., 0., 0., 0., 0., 1., 0., 0., 0., 0., 0., 0., 1., 0., 0.,
       0., 0., 0.], dtype=float32), array([14.,  5.,  0.,  0.,  0.,  1.,  0.,  0.,  0.,  1.,  0.,  0.,  0.,
        1.,  0.,  0.,  1.,  0.,  0.,  0.,  1.,  0.,  0.,  1.,  0.,  0.,
        0.,  0.,  0.,  0.,  1.,  0.,  0.,  0.,  1.,  0.,  1.,  0.,  0.,
        1.,  0.,  1.,  0.,  0.,  1.,  0.,  0.,  0.,  0.,  0.,  0.,  1.,
        0.,  0.,  0.,  0.,  0.,  0.,  1.,  0.,  0.,  0.,  0.,  0.,  0.,
        1.,  0.,  0.,  0.,  0.,  0.], dtype=float32))
	Rew: [np.float64(-0.1), np.float64(-1.0)]
	Done: False
	Accumulated Rew: ['-0.2', '-2.0']
	Team Reward (cumulative): 46.8
	Battery: [4.0, 0]
Episode 2, Step 3:
	Obs: (array([7., 4., 0., 0., 1., 0., 0., 1., 1., 0., 1., 0., 0., 0., 0., 0., 1.,
       0., 0., 0., 0., 0., 0., 1., 0., 0., 0., 0., 0., 0., 1., 0., 0., 0.,
       0., 0., 0., 1., 0., 0., 0., 0., 0., 0., 1., 0., 0., 0., 0., 0., 0.,
       1., 0., 0., 0., 0., 0., 0., 1., 0., 0., 0., 0., 0., 0., 1., 0., 0.,
       0., 0., 0.], dtype=float32), array([14.,  5.,  0.,  0.,  0.,  1.,  0.,  0.,  0.,  1.,  0.,  0.,  0.,
        1.,  0.,  0.,  1.,  0.,  0.,  0.,  1.,  0.,  0.,  1.,  0.,  0.,
        0.,  0.,  0.,  0.,  1.,  0.,  0.,  0.,  1.,  0.,  1.,  0.,  0.,
        1.,  0.,  1.,  0.,  0.,  1.,  0.,  0.,  0.,  0.,  0.,  0.,  1.,
        0.,  0.,  0.,  0.,  0.,  0.,  1.,  0.,  0.,  0.,  0.,  0.,  0.,
        1.,  0.,  0.,  0.,  0.,  0.], dtype=float32))
	Rew: [np.float64(-0.1), np.float64(-1.0)]
	Done: False
	Accumulated Rew: ['-0.3', '-3.0']
	Team Reward (cumulative): 46.6
	Battery: [3.0, 0]
Episode 2, Step 4:
	Obs: (array([7., 5., 0., 0., 1., 0., 0., 1., 0., 1., 0., 0., 0., 0., 0., 0., 1.,
       0., 0., 0., 0., 0., 0., 1., 0., 0., 0., 0., 0., 0., 1., 0., 0., 0.,
       0., 0., 0., 1., 0., 0., 0., 0., 0., 0., 1., 0., 0., 0., 0., 0., 0.,
       1., 0., 0., 0., 0., 0., 0., 1., 0., 0., 0., 0., 0., 0., 1., 0., 0.,
       0., 0., 0.], dtype=float32), array([14.,  5.,  0.,  0.,  0.,  1.,  0.,  0.,  0.,  1.,  0.,  0.,  0.,
        1.,  0.,  0.,  1.,  0.,  0.,  0.,  1.,  0.,  0.,  1.,  0.,  0.,
        0.,  0.,  0.,  0.,  1.,  0.,  0.,  0.,  1.,  0.,  1.,  0.,  0.,
        1.,  0.,  1.,  0.,  0.,  1.,  0.,  0.,  0.,  0.,  0.,  0.,  1.,
        0.,  0.,  0.,  0.,  0.,  0.,  1.,  0.,  0.,  0.,  0.,  0.,  0.,
        1.,  0.,  0.,  0.,  0.,  0.], dtype=float32))
	Rew: [np.float64(-0.1), np.float64(-1.0)]
	Done: False
	Accumulated Rew: ['-0.4', '-4.0']
	Team Reward (cumulative): 46.4
	Battery: [2.0, 0]
Episode 2, Step 5:
	Obs: (array([7., 6., 0., 0., 1., 0., 0., 1., 0., 1., 0., 0., 0., 0., 0., 0., 1.,
       0., 0., 0., 0., 0., 0., 1., 0., 0., 0., 0., 0., 0., 1., 0., 0., 0.,
       0., 0., 0., 1., 0., 0., 0., 0., 0., 0., 1., 0., 0., 0., 0., 0., 0.,
       1., 0., 0., 0., 0., 0., 0., 1., 0., 0., 0., 0., 0., 0., 1., 0., 0.,
       0., 0., 0.], dtype=float32), array([14.,  5.,  0.,  0.,  0.,  1.,  0.,  0.,  0.,  1.,  0.,  0.,  0.,
        1.,  0.,  0.,  1.,  0.,  0.,  0.,  1.,  0.,  0.,  1.,  0.,  0.,
        0.,  0.,  0.,  0.,  1.,  0.,  0.,  0.,  1.,  0.,  1.,  0.,  0.,
        1.,  0.,  1.,  0.,  0.,  1.,  0.,  0.,  0.,  0.,  0.,  0.,  1.,
        0.,  0.,  0.,  0.,  0.,  0.,  1.,  0.,  0.,  0.,  0.,  0.,  0.,
        1.,  0.,  0.,  0.,  0.,  0.], dtype=float32))
	Rew: [np.float64(-0.1), np.float64(-1.0)]
	Done: False
	Accumulated Rew: ['-0.5', '-5.0']
	Team Reward (cumulative): 46.2
	Battery: [1.0, 0]
Episode 2, Step 6:
	Obs: (array([7., 7., 0., 0., 1., 0., 0., 1., 0., 1., 0., 0., 0., 0., 0., 0., 1.,
       0., 0., 0., 0., 0., 0., 1., 0., 0., 0., 0., 0., 0., 1., 0., 0., 0.,
       0., 0., 0., 1., 0., 0., 0., 0., 0., 0., 1., 0., 0., 0., 0., 0., 0.,
       1., 0., 0., 0., 0., 0., 0., 1., 0., 0., 0., 0., 0., 0., 1., 0., 0.,
       0., 0., 0.], dtype=float32), array([14.,  5.,  0.,  0.,  0.,  1.,  0.,  0.,  0.,  1.,  0.,  0.,  0.,
        1.,  0.,  0.,  1.,  0.,  0.,  0.,  1.,  0.,  0.,  1.,  0.,  0.,
        0.,  0.,  0.,  0.,  1.,  0.,  0.,  0.,  1.,  0.,  1.,  0.,  0.,
        1.,  0.,  1.,  0.,  0.,  1.,  0.,  0.,  0.,  0.,  0.,  0.,  1.,
        0.,  0.,  0.,  0.,  0.,  0.,  1.,  0.,  0.,  0.,  0.,  0.,  0.,
        1.,  0.,  0.,  0.,  0.,  0.], dtype=float32))
	Rew: [np.float64(10.0), np.float64(-1.0)]
	Done: False
	Accumulated Rew: ['9.5', '-6.0']
	Team Reward (cumulative): 46.0
	Battery: [0, 0]
Episode 2, Step 7:
	Obs: (array([7., 7., 0., 0., 1., 0., 0., 1., 0., 1., 0., 0., 0., 0., 0., 0., 1.,
       0., 0., 0., 0., 0., 0., 1., 0., 0., 0., 0., 0., 0., 1., 0., 0., 0.,
       0., 0., 0., 1., 0., 0., 0., 0., 0., 0., 1., 0., 0., 0., 0., 0., 0.,
       1., 0., 0., 0., 0., 0., 0., 1., 0., 0., 0., 0., 0., 0., 1., 0., 0.,
       0., 0., 0.], dtype=float32), array([14.,  5.,  0.,  0.,  0.,  1.,  0.,  0.,  0.,  1.,  0.,  0.,  0.,
        1.,  0.,  0.,  1.,  0.,  0.,  0.,  1.,  0.,  0.,  1.,  0.,  0.,
        0.,  0.,  0.,  0.,  1.,  0.,  0.,  0.,  1.,  0.,  1.,  0.,  0.,
        1.,  0.,  1.,  0.,  0.,  1.,  0.,  0.,  0.,  0.,  0.,  0.,  1.,
        0.,  0.,  0.,  0.,  0.,  0.,  1.,  0.,  0.,  0.,  0.,  0.,  0.,
        1.,  0.,  0.,  0.,  0.,  0.], dtype=float32))
	Rew: [np.float64(0.0), np.float64(-1.0)]
	Done: False
	Accumulated Rew: ['9.5', '-7.0']
	Team Reward (cumulative): 45.8
	Battery: [0, 0]
Episode 2, Step 8:
	Obs: (array([7., 7., 0., 0., 1., 0., 0., 1., 0., 1., 0., 0., 0., 0., 0., 0., 1.,
       0., 0., 0., 0., 0., 0., 1., 0., 0., 0., 0., 0., 0., 1., 0., 0., 0.,
       0., 0., 0., 1., 0., 0., 0., 0., 0., 0., 1., 0., 0., 0., 0., 0., 0.,
       1., 0., 0., 0., 0., 0., 0., 1., 0., 0., 0., 0., 0., 0., 1., 0., 0.,
       0., 0., 0.], dtype=float32), array([14.,  5.,  0.,  0.,  0.,  1.,  0.,  0.,  0.,  1.,  0.,  0.,  0.,
        1.,  0.,  0.,  1.,  0.,  0.,  0.,  1.,  0.,  0.,  1.,  0.,  0.,
        0.,  0.,  0.,  0.,  1.,  0.,  0.,  0.,  1.,  0.,  1.,  0.,  0.,
        1.,  0.,  1.,  0.,  0.,  1.,  0.,  0.,  0.,  0.,  0.,  0.,  1.,
        0.,  0.,  0.,  0.,  0.,  0.,  1.,  0.,  0.,  0.,  0.,  0.,  0.,
        1.,  0.,  0.,  0.,  0.,  0.], dtype=float32))
	Rew: [np.float64(0.0), np.float64(-1.0)]
	Done: False
	Accumulated Rew: ['9.5', '-8.0']
	Team Reward (cumulative): 45.6
	Battery: [0, 0]
Episode 2, Step 9:
	Obs: (array([7., 7., 0., 0., 1., 0., 0., 1., 0., 1., 0., 0., 0., 0., 0., 0., 1.,
       0., 0., 0., 0., 0., 0., 1., 0., 0., 0., 0., 0., 0., 1., 0., 0., 0.,
       0., 0., 0., 1., 0., 0., 0., 0., 0., 0., 1., 0., 0., 0., 0., 0., 0.,
       1., 0., 0., 0., 0., 0., 0., 1., 0., 0., 0., 0., 0., 0., 1., 0., 0.,
       0., 0., 0.], dtype=float32), array([14.,  5.,  0.,  0.,  0.,  1.,  0.,  0.,  0.,  1.,  0.,  0.,  0.,
        1.,  0.,  0.,  1.,  0.,  0.,  0.,  1.,  0.,  0.,  1.,  0.,  0.,
        0.,  0.,  0.,  0.,  1.,  0.,  0.,  0.,  1.,  0.,  1.,  0.,  0.,
        1.,  0.,  1.,  0.,  0.,  1.,  0.,  0.,  0.,  0.,  0.,  0.,  1.,
        0.,  0.,  0.,  0.,  0.,  0.,  1.,  0.,  0.,  0.,  0.,  0.,  0.,
        1.,  0.,  0.,  0.,  0.,  0.], dtype=float32))
	Rew: [np.float64(0.0), np.float64(-1.0)]
	Done: False
	Accumulated Rew: ['9.5', '-9.0']
	Team Reward (cumulative): 45.4
	Battery: [0, 0]
Episode 2, Step 10:
	Obs: (array([7., 7., 0., 0., 1., 0., 0., 1., 0., 1., 0., 0., 0., 0., 0., 0., 1.,
       0., 0., 0., 0., 0., 0., 1., 0., 0., 0., 0., 0., 0., 1., 0., 0., 0.,
       0., 0., 0., 1., 0., 0., 0., 0., 0., 0., 1., 0., 0., 0., 0., 0., 0.,
       1., 0., 0., 0., 0., 0., 0., 1., 0., 0., 0., 0., 0., 0., 1., 0., 0.,
       0., 0., 0.], dtype=float32), array([14.,  5.,  0.,  0.,  0.,  1.,  0.,  0.,  0.,  1.,  0.,  0.,  0.,
        1.,  0.,  0.,  1.,  0.,  0.,  0.,  1.,  0.,  0.,  1.,  0.,  0.,
        0.,  0.,  0.,  0.,  1.,  0.,  0.,  0.,  1.,  0.,  1.,  0.,  0.,
        1.,  0.,  1.,  0.,  0.,  1.,  0.,  0.,  0.,  0.,  0.,  0.,  1.,
        0.,  0.,  0.,  0.,  0.,  0.,  1.,  0.,  0.,  0.,  0.,  0.,  0.,
        1.,  0.,  0.,  0.,  0.,  0.], dtype=float32))
	Rew: [np.float64(0.0), np.float64(-1.0)]
	Done: False
	Accumulated Rew: ['9.5', '-10.0']
	Team Reward (cumulative): 45.2
	Battery: [0, 0]
Episode 2, Step 11:
	Obs: (array([7., 7., 0., 0., 1., 0., 0., 1., 0., 1., 0., 0., 0., 0., 0., 0., 1.,
       0., 0., 0., 0., 0., 0., 1., 0., 0., 0., 0., 0., 0., 1., 0., 0., 0.,
       0., 0., 0., 1., 0., 0., 0., 0., 0., 0., 1., 0., 0., 0., 0., 0., 0.,
       1., 0., 0., 0., 0., 0., 0., 1., 0., 0., 0., 0., 0., 0., 1., 0., 0.,
       0., 0., 0.], dtype=float32), array([14.,  5.,  0.,  0.,  0.,  1.,  0.,  0.,  0.,  1.,  0.,  0.,  0.,
        1.,  0.,  0.,  1.,  0.,  0.,  0.,  1.,  0.,  0.,  1.,  0.,  0.,
        0.,  0.,  0.,  0.,  1.,  0.,  0.,  0.,  1.,  0.,  1.,  0.,  0.,
        1.,  0.,  1.,  0.,  0.,  1.,  0.,  0.,  0.,  0.,  0.,  0.,  1.,
        0.,  0.,  0.,  0.,  0.,  0.,  1.,  0.,  0.,  0.,  0.,  0.,  0.,
        1.,  0.,  0.,  0.,  0.,  0.], dtype=float32))
	Rew: [np.float64(0.0), np.float64(-1.0)]
	Done: False
	Accumulated Rew: ['9.5', '-11.0']
	Team Reward (cumulative): 45.0
	Battery: [0, 0]
Episode 2, Step 12:
	Obs: (array([7., 7., 0., 0., 1., 0., 0., 1., 0., 1., 0., 0., 0., 0., 0., 0., 1.,
       0., 0., 0., 0., 0., 0., 1., 0., 0., 0., 0., 0., 0., 1., 0., 0., 0.,
       0., 0., 0., 1., 0., 0., 0., 0., 0., 0., 1., 0., 0., 0., 0., 0., 0.,
       1., 0., 0., 0., 0., 0., 0., 1., 0., 0., 0., 0., 0., 0., 1., 0., 0.,
       0., 0., 0.], dtype=float32), array([14.,  5.,  0.,  0.,  0.,  1.,  0.,  0.,  0.,  1.,  0.,  0.,  0.,
        1.,  0.,  0.,  1.,  0.,  0.,  0.,  1.,  0.,  0.,  1.,  0.,  0.,
        0.,  0.,  0.,  0.,  1.,  0.,  0.,  0.,  1.,  0.,  1.,  0.,  0.,
        1.,  0.,  1.,  0.,  0.,  1.,  0.,  0.,  0.,  0.,  0.,  0.,  1.,
        0.,  0.,  0.,  0.,  0.,  0.,  1.,  0.,  0.,  0.,  0.,  0.,  0.,
        1.,  0.,  0.,  0.,  0.,  0.], dtype=float32))
	Rew: [np.float64(0.0), np.float64(-1.0)]
	Done: False
	Accumulated Rew: ['9.5', '-12.0']
	Team Reward (cumulative): 44.8
	Battery: [0, 0]
Episode 2, Step 13:
	Obs: (array([7., 7., 0., 0., 1., 0., 0., 1., 0., 1., 0., 0., 0., 0., 0., 0., 1.,
       0., 0., 0., 0., 0., 0., 1., 0., 0., 0., 0., 0., 0., 1., 0., 0., 0.,
       0., 0., 0., 1., 0., 0., 0., 0., 0., 0., 1., 0., 0., 0., 0., 0., 0.,
       1., 0., 0., 0., 0., 0., 0., 1., 0., 0., 0., 0., 0., 0., 1., 0., 0.,
       0., 0., 0.], dtype=float32), array([14.,  5.,  0.,  0.,  0.,  1.,  0.,  0.,  0.,  1.,  0.,  0.,  0.,
        1.,  0.,  0.,  1.,  0.,  0.,  0.,  1.,  0.,  0.,  1.,  0.,  0.,
        0.,  0.,  0.,  0.,  1.,  0.,  0.,  0.,  1.,  0.,  1.,  0.,  0.,
        1.,  0.,  1.,  0.,  0.,  1.,  0.,  0.,  0.,  0.,  0.,  0.,  1.,
        0.,  0.,  0.,  0.,  0.,  0.,  1.,  0.,  0.,  0.,  0.,  0.,  0.,
        1.,  0.,  0.,  0.,  0.,  0.], dtype=float32))
	Rew: [np.float64(0.0), np.float64(-1.0)]
	Done: False
	Accumulated Rew: ['9.5', '-13.0']
	Team Reward (cumulative): 44.6
	Battery: [0, 0]
