Episode 1, Step 1:
	Obs: (array([1., 3., 0., 1., 0., 0., 0., 0., 0., 1., 0., 0., 0., 0., 0., 0., 1.,
       0., 0., 0., 1., 0., 0., 1., 0., 0., 0., 1., 0., 0., 1., 0., 0., 0.,
       0., 0., 1., 1., 0., 0., 0., 1., 0., 0., 1., 0., 0., 0., 1., 0., 0.,
       1., 0., 0., 0., 0., 0., 0., 1., 0., 0., 0., 1., 1., 0., 1., 0., 0.,
       0., 1., 0.], dtype=float32), array([13.,  4.,  0.,  1.,  0.,  0.,  0.,  0.,  0.,  1.,  0.,  0.,  0.,
        0.,  0.,  0.,  1.,  0.,  0.,  0.,  1.,  0.,  0.,  1.,  0.,  0.,
        0.,  1.,  0.,  0.,  1.,  0.,  0.,  0.,  0.,  0.,  1.,  1.,  0.,
        0.,  0.,  1.,  0.,  0.,  1.,  0.,  0.,  0.,  1.,  0.,  0.,  1.,
        0.,  0.,  0.,  0.,  0.,  0.,  1.,  0.,  0.,  0.,  1.,  0.,  0.,
        1.,  0.,  0.,  0.,  1.,  0.], dtype=float32))
	Rew: [np.float64(-1.0), np.float64(-1.0)]
	Done: False
	Accumulated Rew: ['-1.0', '-1.0']
	Team Reward (cumulative): -0.2
	Battery: [10, 10]
Episode 1, Step 2:
	Obs: (array([1., 3., 0., 1., 0., 0., 0., 0., 0., 1., 0., 0., 0., 0., 0., 0., 1.,
       0., 0., 0., 1., 0., 0., 1., 0., 0., 0., 1., 0., 0., 1., 0., 0., 0.,
       0., 0., 1., 1., 0., 0., 0., 1., 0., 0., 1., 0., 0., 0., 1., 0., 0.,
       1., 0., 0., 0., 0., 0., 0., 1., 0., 0., 0., 1., 1., 0., 1., 0., 0.,
       0., 1., 0.], dtype=float32), array([13.,  4.,  0.,  1.,  0.,  0.,  0.,  0.,  0.,  1.,  0.,  0.,  0.,
        0.,  0.,  0.,  1.,  0.,  0.,  0.,  1.,  0.,  0.,  1.,  0.,  0.,
        0.,  1.,  0.,  0.,  1.,  0.,  0.,  0.,  0.,  0.,  1.,  1.,  0.,
        0.,  0.,  1.,  0.,  0.,  1.,  0.,  0.,  0.,  1.,  0.,  0.,  1.,
        0.,  0.,  0.,  0.,  0.,  0.,  1.,  0.,  0.,  0.,  1.,  0.,  0.,
        1.,  0.,  0.,  0.,  1.,  0.], dtype=float32))
	Rew: [np.float64(-1.0), np.float64(-1.0)]
	Done: False
	Accumulated Rew: ['-2.0', '-2.0']
	Team Reward (cumulative): -0.4
	Battery: [9.0, 10]
Episode 1, Step 3:
	Obs: (array([1., 3., 0., 1., 0., 0., 0., 0., 0., 1., 0., 0., 0., 0., 0., 0., 1.,
       0., 0., 0., 1., 0., 0., 1., 0., 0., 0., 1., 0., 0., 1., 0., 0., 0.,
       0., 0., 1., 1., 0., 0., 0., 1., 0., 0., 1., 0., 0., 0., 1., 0., 0.,
       1., 0., 0., 0., 0., 0., 0., 1., 0., 0., 0., 1., 1., 0., 1., 0., 0.,
       0., 1., 0.], dtype=float32), array([13.,  4.,  0.,  1.,  0.,  0.,  0.,  0.,  0.,  1.,  0.,  0.,  0.,
        0.,  0.,  0.,  1.,  0.,  0.,  0.,  1.,  0.,  0.,  1.,  0.,  0.,
        0.,  1.,  0.,  0.,  1.,  0.,  0.,  0.,  0.,  0.,  1.,  1.,  0.,
        0.,  0.,  1.,  0.,  0.,  1.,  0.,  0.,  0.,  1.,  0.,  0.,  1.,
        0.,  0.,  0.,  0.,  0.,  0.,  1.,  0.,  0.,  0.,  1.,  0.,  0.,
        1.,  0.,  0.,  0.,  1.,  0.], dtype=float32))
	Rew: [np.float64(-1.0), np.float64(-1.0)]
	Done: False
	Accumulated Rew: ['-3.0', '-3.0']
	Team Reward (cumulative): -0.6
	Battery: [8.0, 10]
Episode 1, Step 4:
	Obs: (array([1., 3., 0., 1., 0., 0., 0., 0., 0., 1., 0., 0., 0., 0., 0., 0., 1.,
       0., 0., 0., 1., 0., 0., 1., 0., 0., 0., 1., 0., 0., 1., 0., 0., 0.,
       0., 0., 1., 1., 0., 0., 0., 1., 0., 0., 1., 0., 0., 0., 1., 0., 0.,
       1., 0., 0., 0., 0., 0., 0., 1., 0., 0., 0., 1., 1., 0., 1., 0., 0.,
       0., 1., 0.], dtype=float32), array([13.,  4.,  0.,  1.,  0.,  0.,  0.,  0.,  0.,  1.,  0.,  0.,  0.,
        0.,  0.,  0.,  1.,  0.,  0.,  0.,  1.,  0.,  0.,  1.,  0.,  0.,
        0.,  1.,  0.,  0.,  1.,  0.,  0.,  0.,  0.,  0.,  1.,  1.,  0.,
        0.,  0.,  1.,  0.,  0.,  1.,  0.,  0.,  0.,  1.,  0.,  0.,  1.,
        0.,  0.,  0.,  0.,  0.,  0.,  1.,  0.,  0.,  0.,  1.,  0.,  0.,
        1.,  0.,  0.,  0.,  1.,  0.], dtype=float32))
	Rew: [np.float64(-1.0), np.float64(-1.0)]
	Done: False
	Accumulated Rew: ['-4.0', '-4.0']
	Team Reward (cumulative): -0.8
	Battery: [7.0, 10]
Episode 1, Step 5:
	Obs: (array([1., 3., 0., 1., 0., 0., 0., 0., 0., 1., 0., 0., 0., 0., 0., 0., 1.,
       0., 0., 0., 1., 0., 0., 1., 0., 0., 0., 1., 0., 0., 1., 0., 0., 0.,
       0., 0., 1., 1., 0., 0., 0., 1., 0., 0., 1., 0., 0., 0., 1., 0., 0.,
       1., 0., 0., 0., 0., 0., 0., 1., 0., 0., 0., 1., 1., 0., 1., 0., 0.,
       0., 1., 0.], dtype=float32), array([13.,  4.,  0.,  1.,  0.,  0.,  0.,  0.,  0.,  1.,  0.,  0.,  0.,
        0.,  0.,  0.,  1.,  0.,  0.,  0.,  1.,  0.,  0.,  1.,  0.,  0.,
        0.,  1.,  0.,  0.,  1.,  0.,  0.,  0.,  0.,  0.,  1.,  1.,  0.,
        0.,  0.,  1.,  0.,  0.,  1.,  0.,  0.,  0.,  1.,  0.,  0.,  1.,
        0.,  0.,  0.,  0.,  0.,  0.,  1.,  0.,  0.,  0.,  1.,  0.,  0.,
        1.,  0.,  0.,  0.,  1.,  0.], dtype=float32))
	Rew: [np.float64(-1.0), np.float64(-1.0)]
	Done: False
	Accumulated Rew: ['-5.0', '-5.0']
	Team Reward (cumulative): -1.0
	Battery: [6.0, 10]
Episode 1, Step 6:
	Obs: (array([1., 3., 0., 1., 0., 0., 0., 0., 0., 1., 0., 0., 0., 0., 0., 0., 1.,
       0., 0., 0., 1., 0., 0., 1., 0., 0., 0., 1., 0., 0., 1., 0., 0., 0.,
       0., 0., 1., 1., 0., 0., 0., 1., 0., 0., 1., 0., 0., 0., 1., 0., 0.,
       1., 0., 0., 0., 0., 0., 0., 1., 0., 0., 0., 1., 1., 0., 1., 0., 0.,
       0., 1., 0.], dtype=float32), array([13.,  4.,  0.,  1.,  0.,  0.,  0.,  0.,  0.,  1.,  0.,  0.,  0.,
        0.,  0.,  0.,  1.,  0.,  0.,  0.,  1.,  0.,  0.,  1.,  0.,  0.,
        0.,  1.,  0.,  0.,  1.,  0.,  0.,  0.,  0.,  0.,  1.,  1.,  0.,
        0.,  0.,  1.,  0.,  0.,  1.,  0.,  0.,  0.,  1.,  0.,  0.,  1.,
        0.,  0.,  0.,  0.,  0.,  0.,  1.,  0.,  0.,  0.,  1.,  0.,  0.,
        1.,  0.,  0.,  0.,  1.,  0.], dtype=float32))
	Rew: [np.float64(-1.0), np.float64(-1.0)]
	Done: False
	Accumulated Rew: ['-6.0', '-6.0']
	Team Reward (cumulative): -1.2
	Battery: [5.0, 10]
Episode 1, Step 7:
	Obs: (array([1., 3., 0., 1., 0., 0., 0., 0., 0., 1., 0., 0., 0., 0., 0., 0., 1.,
       0., 0., 0., 1., 0., 0., 1., 0., 0., 0., 1., 0., 0., 1., 0., 0., 0.,
       0., 0., 1., 1., 0., 0., 0., 1., 0., 0., 1., 0., 0., 0., 1., 0., 0.,
       1., 0., 0., 0., 0., 0., 0., 1., 0., 0., 0., 1., 1., 0., 1., 0., 0.,
       0., 1., 0.], dtype=float32), array([13.,  4.,  0.,  1.,  0.,  0.,  0.,  0.,  0.,  1.,  0.,  0.,  0.,
        0.,  0.,  0.,  1.,  0.,  0.,  0.,  1.,  0.,  0.,  1.,  0.,  0.,
        0.,  1.,  0.,  0.,  1.,  0.,  0.,  0.,  0.,  0.,  1.,  1.,  0.,
        0.,  0.,  1.,  0.,  0.,  1.,  0.,  0.,  0.,  1.,  0.,  0.,  1.,
        0.,  0.,  0.,  0.,  0.,  0.,  1.,  0.,  0.,  0.,  1.,  0.,  0.,
        1.,  0.,  0.,  0.,  1.,  0.], dtype=float32))
	Rew: [np.float64(-1.0), np.float64(-1.0)]
	Done: False
	Accumulated Rew: ['-7.0', '-7.0']
	Team Reward (cumulative): -1.4
	Battery: [4.0, 10]
Episode 1, Step 8:
	Obs: (array([1., 3., 0., 1., 0., 0., 0., 0., 0., 1., 0., 0., 0., 0., 0., 0., 1.,
       0., 0., 0., 1., 0., 0., 1., 0., 0., 0., 1., 0., 0., 1., 0., 0., 0.,
       0., 0., 1., 1., 0., 0., 0., 1., 0., 0., 1., 0., 0., 0., 1., 0., 0.,
       1., 0., 0., 0., 0., 0., 0., 1., 0., 0., 0., 1., 1., 0., 1., 0., 0.,
       0., 1., 0.], dtype=float32), array([13.,  4.,  0.,  1.,  0.,  0.,  0.,  0.,  0.,  1.,  0.,  0.,  0.,
        0.,  0.,  0.,  1.,  0.,  0.,  0.,  1.,  0.,  0.,  1.,  0.,  0.,
        0.,  1.,  0.,  0.,  1.,  0.,  0.,  0.,  0.,  0.,  1.,  1.,  0.,
        0.,  0.,  1.,  0.,  0.,  1.,  0.,  0.,  0.,  1.,  0.,  0.,  1.,
        0.,  0.,  0.,  0.,  0.,  0.,  1.,  0.,  0.,  0.,  1.,  0.,  0.,
        1.,  0.,  0.,  0.,  1.,  0.], dtype=float32))
	Rew: [np.float64(-1.0), np.float64(-1.0)]
	Done: False
	Accumulated Rew: ['-8.0', '-8.0']
	Team Reward (cumulative): -1.6
	Battery: [3.0, 10]
Episode 1, Step 9:
	Obs: (array([1., 3., 0., 1., 0., 0., 0., 0., 0., 1., 0., 0., 0., 0., 0., 0., 1.,
       0., 0., 0., 1., 0., 0., 1., 0., 0., 0., 1., 0., 0., 1., 0., 0., 0.,
       0., 0., 1., 1., 0., 0., 0., 1., 0., 0., 1., 0., 0., 0., 1., 0., 0.,
       1., 0., 0., 0., 0., 0., 0., 1., 0., 0., 0., 1., 1., 0., 1., 0., 0.,
       0., 1., 0.], dtype=float32), array([13.,  4.,  0.,  1.,  0.,  0.,  0.,  0.,  0.,  1.,  0.,  0.,  0.,
        0.,  0.,  0.,  1.,  0.,  0.,  0.,  1.,  0.,  0.,  1.,  0.,  0.,
        0.,  1.,  0.,  0.,  1.,  0.,  0.,  0.,  0.,  0.,  1.,  1.,  0.,
        0.,  0.,  1.,  0.,  0.,  1.,  0.,  0.,  0.,  1.,  0.,  0.,  1.,
        0.,  0.,  0.,  0.,  0.,  0.,  1.,  0.,  0.,  0.,  1.,  0.,  0.,
        1.,  0.,  0.,  0.,  1.,  0.], dtype=float32))
	Rew: [np.float64(-1.0), np.float64(-1.0)]
	Done: False
	Accumulated Rew: ['-9.0', '-9.0']
	Team Reward (cumulative): -1.8
	Battery: [2.0, 10]
Episode 1, Step 10:
	Obs: (array([1., 3., 0., 1., 0., 0., 0., 0., 0., 1., 0., 0., 0., 0., 0., 0., 1.,
       0., 0., 0., 1., 0., 0., 1., 0., 0., 0., 1., 0., 0., 1., 0., 0., 0.,
       0., 0., 1., 1., 0., 0., 0., 1., 0., 0., 1., 0., 0., 0., 1., 0., 0.,
       1., 0., 0., 0., 0., 0., 0., 1., 0., 0., 0., 1., 1., 0., 1., 0., 0.,
       0., 1., 0.], dtype=float32), array([13.,  4.,  0.,  1.,  0.,  0.,  0.,  0.,  0.,  1.,  0.,  0.,  0.,
        0.,  0.,  0.,  1.,  0.,  0.,  0.,  1.,  0.,  0.,  1.,  0.,  0.,
        0.,  1.,  0.,  0.,  1.,  0.,  0.,  0.,  0.,  0.,  1.,  1.,  0.,
        0.,  0.,  1.,  0.,  0.,  1.,  0.,  0.,  0.,  1.,  0.,  0.,  1.,
        0.,  0.,  0.,  0.,  0.,  0.,  1.,  0.,  0.,  0.,  1.,  0.,  0.,
        1.,  0.,  0.,  0.,  1.,  0.], dtype=float32))
	Rew: [np.float64(-1.0), np.float64(-1.0)]
	Done: False
	Accumulated Rew: ['-10.0', '-10.0']
	Team Reward (cumulative): -2.0
	Battery: [1.0, 10]
Episode 1, Step 11:
	Obs: (array([1., 3., 0., 1., 0., 0., 0., 0., 0., 1., 0., 0., 0., 0., 0., 0., 1.,
       0., 0., 0., 1., 0., 0., 1., 0., 0., 0., 1., 0., 0., 1., 0., 0., 0.,
       0., 0., 1., 1., 0., 0., 0., 1., 0., 0., 1., 0., 0., 0., 1., 0., 0.,
       1., 0., 0., 0., 0., 0., 0., 1., 0., 0., 0., 1., 1., 0., 1., 0., 0.,
       0., 1., 0.], dtype=float32), array([13.,  4.,  0.,  1.,  0.,  0.,  0.,  0.,  0.,  1.,  0.,  0.,  0.,
        0.,  0.,  0.,  1.,  0.,  0.,  0.,  1.,  0.,  0.,  1.,  0.,  0.,
        0.,  1.,  0.,  0.,  1.,  0.,  0.,  0.,  0.,  0.,  1.,  1.,  0.,
        0.,  0.,  1.,  0.,  0.,  1.,  0.,  0.,  0.,  1.,  0.,  0.,  1.,
        0.,  0.,  0.,  0.,  0.,  0.,  1.,  0.,  0.,  0.,  1.,  0.,  0.,
        1.,  0.,  0.,  0.,  1.,  0.], dtype=float32))
	Rew: [np.float64(-1.0), np.float64(-1.0)]
	Done: False
	Accumulated Rew: ['-11.0', '-11.0']
	Team Reward (cumulative): -2.2
	Battery: [0, 10]
Episode 1, Step 12:
	Obs: (array([1., 3., 0., 0., 0., 0., 1., 0., 0., 1., 0., 0., 0., 0., 0., 0., 1.,
       0., 0., 0., 1., 0., 0., 1., 0., 0., 0., 1., 0., 0., 1., 0., 0., 0.,
       0., 0., 1., 0., 0., 0., 1., 1., 0., 0., 1., 0., 0., 0., 1., 0., 0.,
       1., 0., 0., 0., 0., 0., 0., 1., 0., 0., 0., 1., 1., 0., 1., 0., 0.,
       0., 1., 0.], dtype=float32), array([13.,  4.,  0.,  1.,  0.,  0.,  0.,  0.,  0.,  1.,  0.,  0.,  0.,
        0.,  0.,  0.,  1.,  0.,  0.,  0.,  1.,  0.,  0.,  1.,  0.,  0.,
        0.,  1.,  0.,  0.,  1.,  0.,  0.,  0.,  0.,  0.,  1.,  1.,  0.,
        0.,  0.,  1.,  0.,  0.,  1.,  0.,  0.,  0.,  1.,  0.,  0.,  1.,
        0.,  0.,  0.,  0.,  0.,  0.,  1.,  0.,  0.,  0.,  1.,  0.,  0.,
        1.,  0.,  0.,  0.,  1.,  0.], dtype=float32))
	Rew: [np.float64(-1.0), np.float64(-1.0)]
	Done: False
	Accumulated Rew: ['-12.0', '-12.0']
	Team Reward (cumulative): -2.4
	Battery: [0, 10]
Episode 1, Step 13:
	Obs: (array([1., 3., 0., 0., 0., 0., 1., 0., 0., 1., 0., 0., 0., 0., 0., 0., 1.,
       0., 0., 0., 1., 0., 0., 1., 0., 0., 0., 1., 0., 0., 1., 0., 0., 0.,
       0., 0., 1., 0., 0., 0., 1., 1., 0., 0., 1., 0., 0., 0., 1., 0., 0.,
       1., 0., 0., 0., 0., 0., 0., 1., 0., 0., 0., 1., 1., 0., 1., 0., 0.,
       0., 1., 0.], dtype=float32), array([13.,  4.,  0.,  1.,  0.,  0.,  0.,  0.,  0.,  1.,  0.,  0.,  0.,
        0.,  0.,  0.,  1.,  0.,  0.,  0.,  1.,  0.,  0.,  1.,  0.,  0.,
        0.,  1.,  0.,  0.,  1.,  0.,  0.,  0.,  0.,  0.,  1.,  1.,  0.,
        0.,  0.,  1.,  0.,  0.,  1.,  0.,  0.,  0.,  1.,  0.,  0.,  1.,
        0.,  0.,  0.,  0.,  0.,  0.,  1.,  0.,  0.,  0.,  1.,  0.,  0.,
        1.,  0.,  0.,  0.,  1.,  0.], dtype=float32))
	Rew: [np.float64(-1.0), np.float64(-1.0)]
	Done: False
	Accumulated Rew: ['-13.0', '-13.0']
	Team Reward (cumulative): -2.6
	Battery: [0, 10]
Episode 1, Step 14:
	Obs: (array([1., 3., 0., 0., 0., 0., 1., 0., 0., 1., 0., 0., 0., 0., 0., 0., 1.,
       0., 0., 0., 1., 0., 0., 1., 0., 0., 0., 1., 0., 0., 1., 0., 0., 0.,
       0., 0., 1., 0., 0., 0., 1., 1., 0., 0., 1., 0., 0., 0., 1., 0., 0.,
       1., 0., 0., 0., 0., 0., 0., 1., 0., 0., 0., 1., 1., 0., 1., 0., 0.,
       0., 1., 0.], dtype=float32), array([13.,  4.,  0.,  1.,  0.,  0.,  0.,  0.,  0.,  1.,  0.,  0.,  0.,
        0.,  0.,  0.,  1.,  0.,  0.,  0.,  1.,  0.,  0.,  1.,  0.,  0.,
        0.,  1.,  0.,  0.,  1.,  0.,  0.,  0.,  0.,  0.,  1.,  1.,  0.,
        0.,  0.,  1.,  0.,  0.,  1.,  0.,  0.,  0.,  1.,  0.,  0.,  1.,
        0.,  0.,  0.,  0.,  0.,  0.,  1.,  0.,  0.,  0.,  1.,  0.,  0.,
        1.,  0.,  0.,  0.,  1.,  0.], dtype=float32))
	Rew: [np.float64(-1.0), np.float64(-1.0)]
	Done: False
	Accumulated Rew: ['-14.0', '-14.0']
	Team Reward (cumulative): -2.8
	Battery: [0, 10]
Episode 1, Step 15:
	Obs: (array([1., 3., 0., 0., 0., 0., 1., 0., 0., 1., 0., 0., 0., 0., 0., 0., 1.,
       0., 0., 0., 1., 0., 0., 1., 0., 0., 0., 1., 0., 0., 1., 0., 0., 0.,
       0., 0., 1., 0., 0., 0., 1., 1., 0., 0., 1., 0., 0., 0., 1., 0., 0.,
       1., 0., 0., 0., 0., 0., 0., 1., 0., 0., 0., 1., 1., 0., 1., 0., 0.,
       0., 1., 0.], dtype=float32), array([13.,  4.,  0.,  1.,  0.,  0.,  0.,  0.,  0.,  1.,  0.,  0.,  0.,
        0.,  0.,  0.,  1.,  0.,  0.,  0.,  1.,  0.,  0.,  1.,  0.,  0.,
        0.,  1.,  0.,  0.,  1.,  0.,  0.,  0.,  0.,  0.,  1.,  1.,  0.,
        0.,  0.,  1.,  0.,  0.,  1.,  0.,  0.,  0.,  1.,  0.,  0.,  1.,
        0.,  0.,  0.,  0.,  0.,  0.,  1.,  0.,  0.,  0.,  1.,  0.,  0.,
        1.,  0.,  0.,  0.,  1.,  0.], dtype=float32))
	Rew: [np.float64(-1.0), np.float64(-1.0)]
	Done: False
	Accumulated Rew: ['-15.0', '-15.0']
	Team Reward (cumulative): -3.0
	Battery: [0, 10]
Episode 1, Step 16:
	Obs: (array([1., 3., 0., 0., 0., 0., 1., 0., 0., 1., 0., 0., 0., 0., 0., 0., 1.,
       0., 0., 0., 1., 0., 0., 1., 0., 0., 0., 1., 0., 0., 1., 0., 0., 0.,
       0., 0., 1., 0., 0., 0., 1., 1., 0., 0., 1., 0., 0., 0., 1., 0., 0.,
       1., 0., 0., 0., 0., 0., 0., 1., 0., 0., 0., 1., 1., 0., 1., 0., 0.,
       0., 1., 0.], dtype=float32), array([13.,  4.,  0.,  1.,  0.,  0.,  0.,  0.,  0.,  1.,  0.,  0.,  0.,
        0.,  0.,  0.,  1.,  0.,  0.,  0.,  1.,  0.,  0.,  1.,  0.,  0.,
        0.,  1.,  0.,  0.,  1.,  0.,  0.,  0.,  0.,  0.,  1.,  1.,  0.,
        0.,  0.,  1.,  0.,  0.,  1.,  0.,  0.,  0.,  1.,  0.,  0.,  1.,
        0.,  0.,  0.,  0.,  0.,  0.,  1.,  0.,  0.,  0.,  1.,  0.,  0.,
        1.,  0.,  0.,  0.,  1.,  0.], dtype=float32))
	Rew: [np.float64(-1.0), np.float64(-1.0)]
	Done: False
	Accumulated Rew: ['-16.0', '-16.0']
	Team Reward (cumulative): -3.2
	Battery: [0, 10]
Episode 1, Step 17:
	Obs: (array([1., 3., 0., 0., 0., 0., 1., 0., 0., 1., 0., 0., 0., 0., 0., 0., 1.,
       0., 0., 0., 1., 0., 0., 1., 0., 0., 0., 1., 0., 0., 1., 0., 0., 0.,
       0., 0., 1., 0., 0., 0., 1., 1., 0., 0., 1., 0., 0., 0., 1., 0., 0.,
       1., 0., 0., 0., 0., 0., 0., 1., 0., 0., 0., 1., 1., 0., 1., 0., 0.,
       0., 1., 0.], dtype=float32), array([13.,  4.,  0.,  1.,  0.,  0.,  0.,  0.,  0.,  1.,  0.,  0.,  0.,
        0.,  0.,  0.,  1.,  0.,  0.,  0.,  1.,  0.,  0.,  1.,  0.,  0.,
        0.,  1.,  0.,  0.,  1.,  0.,  0.,  0.,  0.,  0.,  1.,  1.,  0.,
        0.,  0.,  1.,  0.,  0.,  1.,  0.,  0.,  0.,  1.,  0.,  0.,  1.,
        0.,  0.,  0.,  0.,  0.,  0.,  1.,  0.,  0.,  0.,  1.,  0.,  0.,
        1.,  0.,  0.,  0.,  1.,  0.], dtype=float32))
	Rew: [np.float64(-1.0), np.float64(-1.0)]
	Done: False
	Accumulated Rew: ['-17.0', '-17.0']
	Team Reward (cumulative): -3.4
	Battery: [0, 10]
Episode 1, Step 18:
	Obs: (array([1., 3., 0., 0., 0., 0., 1., 0., 0., 1., 0., 0., 0., 0., 0., 0., 1.,
       0., 0., 0., 1., 0., 0., 1., 0., 0., 0., 1., 0., 0., 1., 0., 0., 0.,
       0., 0., 1., 0., 0., 0., 1., 1., 0., 0., 1., 0., 0., 0., 1., 0., 0.,
       1., 0., 0., 0., 0., 0., 0., 1., 0., 0., 0., 1., 1., 0., 1., 0., 0.,
       0., 1., 0.], dtype=float32), array([13.,  4.,  0.,  1.,  0.,  0.,  0.,  0.,  0.,  1.,  0.,  0.,  0.,
        0.,  0.,  0.,  1.,  0.,  0.,  0.,  1.,  0.,  0.,  1.,  0.,  0.,
        0.,  1.,  0.,  0.,  1.,  0.,  0.,  0.,  0.,  0.,  1.,  1.,  0.,
        0.,  0.,  1.,  0.,  0.,  1.,  0.,  0.,  0.,  1.,  0.,  0.,  1.,
        0.,  0.,  0.,  0.,  0.,  0.,  1.,  0.,  0.,  0.,  1.,  0.,  0.,
        1.,  0.,  0.,  0.,  1.,  0.], dtype=float32))
	Rew: [np.float64(-1.0), np.float64(-1.0)]
	Done: False
	Accumulated Rew: ['-18.0', '-18.0']
	Team Reward (cumulative): -3.6
	Battery: [0, 10]
Episode 1, Step 19:
	Obs: (array([1., 3., 0., 0., 0., 0., 1., 0., 0., 1., 0., 0., 0., 0., 0., 0., 1.,
       0., 0., 0., 1., 0., 0., 1., 0., 0., 0., 1., 0., 0., 1., 0., 0., 0.,
       0., 0., 1., 0., 0., 0., 1., 1., 0., 0., 1., 0., 0., 0., 1., 0., 0.,
       1., 0., 0., 0., 0., 0., 0., 1., 0., 0., 0., 1., 1., 0., 1., 0., 0.,
       0., 1., 0.], dtype=float32), array([13.,  4.,  0.,  1.,  0.,  0.,  0.,  0.,  0.,  1.,  0.,  0.,  0.,
        0.,  0.,  0.,  1.,  0.,  0.,  0.,  1.,  0.,  0.,  1.,  0.,  0.,
        0.,  1.,  0.,  0.,  1.,  0.,  0.,  0.,  0.,  0.,  1.,  1.,  0.,
        0.,  0.,  1.,  0.,  0.,  1.,  0.,  0.,  0.,  1.,  0.,  0.,  1.,
        0.,  0.,  0.,  0.,  0.,  0.,  1.,  0.,  0.,  0.,  1.,  0.,  0.,
        1.,  0.,  0.,  0.,  1.,  0.], dtype=float32))
	Rew: [np.float64(-1.0), np.float64(-1.0)]
	Done: False
	Accumulated Rew: ['-19.0', '-19.0']
	Team Reward (cumulative): -3.8
	Battery: [0, 10]
Episode 1, Step 20:
	Obs: (array([1., 3., 0., 0., 0., 0., 1., 0., 0., 1., 0., 0., 0., 0., 0., 0., 1.,
       0., 0., 0., 1., 0., 0., 1., 0., 0., 0., 1., 0., 0., 1., 0., 0., 0.,
       0., 0., 1., 0., 0., 0., 1., 1., 0., 0., 1., 0., 0., 0., 1., 0., 0.,
       1., 0., 0., 0., 0., 0., 0., 1., 0., 0., 0., 1., 1., 0., 1., 0., 0.,
       0., 1., 0.], dtype=float32), array([13.,  4.,  0.,  1.,  0.,  0.,  0.,  0.,  0.,  1.,  0.,  0.,  0.,
        0.,  0.,  0.,  1.,  0.,  0.,  0.,  1.,  0.,  0.,  1.,  0.,  0.,
        0.,  1.,  0.,  0.,  1.,  0.,  0.,  0.,  0.,  0.,  1.,  1.,  0.,
        0.,  0.,  1.,  0.,  0.,  1.,  0.,  0.,  0.,  1.,  0.,  0.,  1.,
        0.,  0.,  0.,  0.,  0.,  0.,  1.,  0.,  0.,  0.,  1.,  0.,  0.,
        1.,  0.,  0.,  0.,  1.,  0.], dtype=float32))
	Rew: [np.float64(-1.0), np.float64(-1.0)]
	Done: False
	Accumulated Rew: ['-20.0', '-20.0']
	Team Reward (cumulative): -4.0
	Battery: [0, 10]
Episode 1, Step 21:
	Obs: (array([1., 3., 0., 0., 0., 0., 1., 0., 0., 1., 0., 0., 0., 0., 0., 0., 1.,
       0., 0., 0., 1., 0., 0., 1., 0., 0., 0., 1., 0., 0., 1., 0., 0., 0.,
       0., 0., 1., 0., 0., 0., 1., 1., 0., 0., 1., 0., 0., 0., 1., 0., 0.,
       1., 0., 0., 0., 0., 0., 0., 1., 0., 0., 0., 1., 1., 0., 1., 0., 0.,
       0., 1., 0.], dtype=float32), array([13.,  4.,  0.,  1.,  0.,  0.,  0.,  0.,  0.,  1.,  0.,  0.,  0.,
        0.,  0.,  0.,  1.,  0.,  0.,  0.,  1.,  0.,  0.,  1.,  0.,  0.,
        0.,  1.,  0.,  0.,  1.,  0.,  0.,  0.,  0.,  0.,  1.,  1.,  0.,
        0.,  0.,  1.,  0.,  0.,  1.,  0.,  0.,  0.,  1.,  0.,  0.,  1.,
        0.,  0.,  0.,  0.,  0.,  0.,  1.,  0.,  0.,  0.,  1.,  0.,  0.,
        1.,  0.,  0.,  0.,  1.,  0.], dtype=float32))
	Rew: [np.float64(-1.0), np.float64(-1.0)]
	Done: False
	Accumulated Rew: ['-21.0', '-21.0']
	Team Reward (cumulative): -4.2
	Battery: [0, 10]
Episode 1, Step 22:
	Obs: (array([1., 3., 0., 0., 0., 0., 1., 0., 0., 1., 0., 0., 0., 0., 0., 0., 1.,
       0., 0., 0., 1., 0., 0., 1., 0., 0., 0., 1., 0., 0., 1., 0., 0., 0.,
       0., 0., 1., 0., 0., 0., 1., 1., 0., 0., 1., 0., 0., 0., 1., 0., 0.,
       1., 0., 0., 0., 0., 0., 0., 1., 0., 0., 0., 1., 1., 0., 1., 0., 0.,
       0., 1., 0.], dtype=float32), array([13.,  4.,  0.,  1.,  0.,  0.,  0.,  0.,  0.,  1.,  0.,  0.,  0.,
        0.,  0.,  0.,  1.,  0.,  0.,  0.,  1.,  0.,  0.,  1.,  0.,  0.,
        0.,  1.,  0.,  0.,  1.,  0.,  0.,  0.,  0.,  0.,  1.,  1.,  0.,
        0.,  0.,  1.,  0.,  0.,  1.,  0.,  0.,  0.,  1.,  0.,  0.,  1.,
        0.,  0.,  0.,  0.,  0.,  0.,  1.,  0.,  0.,  0.,  1.,  0.,  0.,
        1.,  0.,  0.,  0.,  1.,  0.], dtype=float32))
	Rew: [np.float64(-1.0), np.float64(-1.0)]
	Done: False
	Accumulated Rew: ['-22.0', '-22.0']
	Team Reward (cumulative): -4.4
	Battery: [0, 10]
Episode 1, Step 23:
	Obs: (array([1., 3., 0., 0., 0., 0., 1., 0., 0., 1., 0., 0., 0., 0., 0., 0., 1.,
       0., 0., 0., 1., 0., 0., 1., 0., 0., 0., 1., 0., 0., 1., 0., 0., 0.,
       0., 0., 1., 0., 0., 0., 1., 1., 0., 0., 1., 0., 0., 0., 1., 0., 0.,
       1., 0., 0., 0., 0., 0., 0., 1., 0., 0., 0., 1., 1., 0., 1., 0., 0.,
       0., 1., 0.], dtype=float32), array([13.,  4.,  0.,  1.,  0.,  0.,  0.,  0.,  0.,  1.,  0.,  0.,  0.,
        0.,  0.,  0.,  1.,  0.,  0.,  0.,  1.,  0.,  0.,  1.,  0.,  0.,
        0.,  1.,  0.,  0.,  1.,  0.,  0.,  0.,  0.,  0.,  1.,  1.,  0.,
        0.,  0.,  1.,  0.,  0.,  1.,  0.,  0.,  0.,  1.,  0.,  0.,  1.,
        0.,  0.,  0.,  0.,  0.,  0.,  1.,  0.,  0.,  0.,  1.,  0.,  0.,
        1.,  0.,  0.,  0.,  1.,  0.], dtype=float32))
	Rew: [np.float64(-1.0), np.float64(-1.0)]
	Done: False
	Accumulated Rew: ['-23.0', '-23.0']
	Team Reward (cumulative): -4.6
	Battery: [0, 10]
Episode 1, Step 24:
	Obs: (array([1., 3., 0., 0., 0., 0., 1., 0., 0., 1., 0., 0., 0., 0., 0., 0., 1.,
       0., 0., 0., 1., 0., 0., 1., 0., 0., 0., 1., 0., 0., 1., 0., 0., 0.,
       0., 0., 1., 0., 0., 0., 1., 1., 0., 0., 1., 0., 0., 0., 1., 0., 0.,
       1., 0., 0., 0., 0., 0., 0., 1., 0., 0., 0., 1., 1., 0., 1., 0., 0.,
       0., 1., 0.], dtype=float32), array([13.,  4.,  0.,  1.,  0.,  0.,  0.,  0.,  0.,  1.,  0.,  0.,  0.,
        0.,  0.,  0.,  1.,  0.,  0.,  0.,  1.,  0.,  0.,  1.,  0.,  0.,
        0.,  1.,  0.,  0.,  1.,  0.,  0.,  0.,  0.,  0.,  1.,  1.,  0.,
        0.,  0.,  1.,  0.,  0.,  1.,  0.,  0.,  0.,  1.,  0.,  0.,  1.,
        0.,  0.,  0.,  0.,  0.,  0.,  1.,  0.,  0.,  0.,  1.,  0.,  0.,
        1.,  0.,  0.,  0.,  1.,  0.], dtype=float32))
	Rew: [np.float64(-1.0), np.float64(-1.0)]
	Done: False
	Accumulated Rew: ['-24.0', '-24.0']
	Team Reward (cumulative): -4.8
	Battery: [0, 10]
Episode 1, Step 25:
	Obs: (array([1., 3., 0., 0., 0., 0., 1., 0., 0., 1., 0., 0., 0., 0., 0., 0., 1.,
       0., 0., 0., 1., 0., 0., 1., 0., 0., 0., 1., 0., 0., 1., 0., 0., 0.,
       0., 0., 1., 0., 0., 0., 1., 1., 0., 0., 1., 0., 0., 0., 1., 0., 0.,
       1., 0., 0., 0., 0., 0., 0., 1., 0., 0., 0., 1., 1., 0., 1., 0., 0.,
       0., 1., 0.], dtype=float32), array([13.,  4.,  0.,  1.,  0.,  0.,  0.,  0.,  0.,  1.,  0.,  0.,  0.,
        0.,  0.,  0.,  1.,  0.,  0.,  0.,  1.,  0.,  0.,  1.,  0.,  0.,
        0.,  1.,  0.,  0.,  1.,  0.,  0.,  0.,  0.,  0.,  1.,  1.,  0.,
        0.,  0.,  1.,  0.,  0.,  1.,  0.,  0.,  0.,  1.,  0.,  0.,  1.,
        0.,  0.,  0.,  0.,  0.,  0.,  1.,  0.,  0.,  0.,  1.,  0.,  0.,
        1.,  0.,  0.,  0.,  1.,  0.], dtype=float32))
	Rew: [np.float64(-1.0), np.float64(-1.0)]
	Done: False
	Accumulated Rew: ['-25.0', '-25.0']
	Team Reward (cumulative): -5.0
	Battery: [0, 10]
Episode 1, Step 26:
	Obs: (array([1., 3., 0., 0., 0., 0., 1., 0., 0., 1., 0., 0., 0., 0., 0., 0., 1.,
       0., 0., 0., 1., 0., 0., 1., 0., 0., 0., 1., 0., 0., 1., 0., 0., 0.,
       0., 0., 1., 0., 0., 0., 1., 1., 0., 0., 1., 0., 0., 0., 1., 0., 0.,
       1., 0., 0., 0., 0., 0., 0., 1., 0., 0., 0., 1., 1., 0., 1., 0., 0.,
       0., 1., 0.], dtype=float32), array([13.,  4.,  0.,  1.,  0.,  0.,  0.,  0.,  0.,  1.,  0.,  0.,  0.,
        0.,  0.,  0.,  1.,  0.,  0.,  0.,  1.,  0.,  0.,  1.,  0.,  0.,
        0.,  1.,  0.,  0.,  1.,  0.,  0.,  0.,  0.,  0.,  1.,  1.,  0.,
        0.,  0.,  1.,  0.,  0.,  1.,  0.,  0.,  0.,  1.,  0.,  0.,  1.,
        0.,  0.,  0.,  0.,  0.,  0.,  1.,  0.,  0.,  0.,  1.,  0.,  0.,
        1.,  0.,  0.,  0.,  1.,  0.], dtype=float32))
	Rew: [np.float64(-1.0), np.float64(-1.0)]
	Done: False
	Accumulated Rew: ['-26.0', '-26.0']
	Team Reward (cumulative): -5.2
	Battery: [0, 10]
Episode 1, Step 27:
	Obs: (array([1., 3., 0., 0., 0., 0., 1., 0., 0., 1., 0., 0., 0., 0., 0., 0., 1.,
       0., 0., 0., 1., 0., 0., 1., 0., 0., 0., 1., 0., 0., 1., 0., 0., 0.,
       0., 0., 1., 0., 0., 0., 1., 1., 0., 0., 1., 0., 0., 0., 1., 0., 0.,
       1., 0., 0., 0., 0., 0., 0., 1., 0., 0., 0., 1., 1., 0., 1., 0., 0.,
       0., 1., 0.], dtype=float32), array([13.,  4.,  0.,  1.,  0.,  0.,  0.,  0.,  0.,  1.,  0.,  0.,  0.,
        0.,  0.,  0.,  1.,  0.,  0.,  0.,  1.,  0.,  0.,  1.,  0.,  0.,
        0.,  1.,  0.,  0.,  1.,  0.,  0.,  0.,  0.,  0.,  1.,  1.,  0.,
        0.,  0.,  1.,  0.,  0.,  1.,  0.,  0.,  0.,  1.,  0.,  0.,  1.,
        0.,  0.,  0.,  0.,  0.,  0.,  1.,  0.,  0.,  0.,  1.,  0.,  0.,
        1.,  0.,  0.,  0.,  1.,  0.], dtype=float32))
	Rew: [np.float64(-1.0), np.float64(-1.0)]
	Done: False
	Accumulated Rew: ['-27.0', '-27.0']
	Team Reward (cumulative): -5.4
	Battery: [0, 10]
Episode 1, Step 28:
	Obs: (array([1., 3., 0., 0., 0., 0., 1., 0., 0., 1., 0., 0., 0., 0., 0., 0., 1.,
       0., 0., 0., 1., 0., 0., 1., 0., 0., 0., 1., 0., 0., 1., 0., 0., 0.,
       0., 0., 1., 0., 0., 0., 1., 1., 0., 0., 1., 0., 0., 0., 1., 0., 0.,
       1., 0., 0., 0., 0., 0., 0., 1., 0., 0., 0., 1., 1., 0., 1., 0., 0.,
       0., 1., 0.], dtype=float32), array([13.,  4.,  0.,  1.,  0.,  0.,  0.,  0.,  0.,  1.,  0.,  0.,  0.,
        0.,  0.,  0.,  1.,  0.,  0.,  0.,  1.,  0.,  0.,  1.,  0.,  0.,
        0.,  1.,  0.,  0.,  1.,  0.,  0.,  0.,  0.,  0.,  1.,  1.,  0.,
        0.,  0.,  1.,  0.,  0.,  1.,  0.,  0.,  0.,  1.,  0.,  0.,  1.,
        0.,  0.,  0.,  0.,  0.,  0.,  1.,  0.,  0.,  0.,  1.,  0.,  0.,
        1.,  0.,  0.,  0.,  1.,  0.], dtype=float32))
	Rew: [np.float64(-1.0), np.float64(-1.0)]
	Done: False
	Accumulated Rew: ['-28.0', '-28.0']
	Team Reward (cumulative): -5.6
	Battery: [0, 10]
Episode 1, Step 29:
	Obs: (array([1., 3., 0., 0., 0., 0., 1., 0., 0., 1., 0., 0., 0., 0., 0., 0., 1.,
       0., 0., 0., 1., 0., 0., 1., 0., 0., 0., 1., 0., 0., 1., 0., 0., 0.,
       0., 0., 1., 0., 0., 0., 1., 1., 0., 0., 1., 0., 0., 0., 1., 0., 0.,
       1., 0., 0., 0., 0., 0., 0., 1., 0., 0., 0., 1., 1., 0., 1., 0., 0.,
       0., 1., 0.], dtype=float32), array([13.,  4.,  0.,  1.,  0.,  0.,  0.,  0.,  0.,  1.,  0.,  0.,  0.,
        0.,  0.,  0.,  1.,  0.,  0.,  0.,  1.,  0.,  0.,  1.,  0.,  0.,
        0.,  1.,  0.,  0.,  1.,  0.,  0.,  0.,  0.,  0.,  1.,  1.,  0.,
        0.,  0.,  1.,  0.,  0.,  1.,  0.,  0.,  0.,  1.,  0.,  0.,  1.,
        0.,  0.,  0.,  0.,  0.,  0.,  1.,  0.,  0.,  0.,  1.,  0.,  0.,
        1.,  0.,  0.,  0.,  1.,  0.], dtype=float32))
	Rew: [np.float64(-1.0), np.float64(-1.0)]
	Done: False
	Accumulated Rew: ['-29.0', '-29.0']
	Team Reward (cumulative): -5.8
	Battery: [0, 10]
Episode 1, Step 30:
	Obs: (array([1., 3., 0., 0., 0., 0., 1., 0., 0., 1., 0., 0., 0., 0., 0., 0., 1.,
       0., 0., 0., 1., 0., 0., 1., 0., 0., 0., 1., 0., 0., 1., 0., 0., 0.,
       0., 0., 1., 0., 0., 0., 1., 1., 0., 0., 1., 0., 0., 0., 1., 0., 0.,
       1., 0., 0., 0., 0., 0., 0., 1., 0., 0., 0., 1., 1., 0., 1., 0., 0.,
       0., 1., 0.], dtype=float32), array([13.,  4.,  0.,  1.,  0.,  0.,  0.,  0.,  0.,  1.,  0.,  0.,  0.,
        0.,  0.,  0.,  1.,  0.,  0.,  0.,  1.,  0.,  0.,  1.,  0.,  0.,
        0.,  1.,  0.,  0.,  1.,  0.,  0.,  0.,  0.,  0.,  1.,  1.,  0.,
        0.,  0.,  1.,  0.,  0.,  1.,  0.,  0.,  0.,  1.,  0.,  0.,  1.,
        0.,  0.,  0.,  0.,  0.,  0.,  1.,  0.,  0.,  0.,  1.,  0.,  0.,
        1.,  0.,  0.,  0.,  1.,  0.], dtype=float32))
	Rew: [np.float64(-1.0), np.float64(-1.0)]
	Done: False
	Accumulated Rew: ['-30.0', '-30.0']
	Team Reward (cumulative): -6.0
	Battery: [0, 10]
