Step 1:
	Obs: (array([8., 9., 0., 0., 0., 1., 0., 1., 0., 1., 0., 0., 0., 0., 0., 0., 1.,
       0., 0., 0., 0., 0., 0., 1., 0., 0., 0., 0., 0., 0., 1., 0., 0., 0.,
       0., 0., 1., 0., 0., 1., 0., 0., 0., 0., 1., 0., 0., 0., 0., 0., 0.,
       1., 0., 0., 0., 0., 0., 0., 1., 0., 0., 0., 0., 0., 0., 1., 0., 0.,
       0., 0., 0.], dtype=float32), array([8., 0., 0., 0., 1., 0., 0., 1., 0., 1., 0., 0., 0., 0., 0., 0., 1.,
       0., 0., 0., 0., 0., 0., 1., 0., 0., 0., 0., 0., 0., 1., 0., 0., 0.,
       0., 0., 1., 0., 1., 0., 0., 0., 0., 0., 1., 0., 0., 0., 0., 0., 0.,
       1., 0., 0., 0., 1., 1., 0., 1., 0., 0., 0., 1., 0., 0., 1., 0., 0.,
       0., 0., 0.], dtype=float32))
	Rew: [np.float64(-0.1), np.float64(-0.1)]
	Done: False
	Accumulated Rew: ['-0.1', '-0.1']
	Team Reward (cumulative): -0.1
Step 2:
	Obs: (array([7., 9., 0., 0., 0., 1., 0., 1., 0., 1., 0., 0., 0., 0., 0., 0., 1.,
       0., 0., 0., 0., 0., 0., 1., 0., 0., 0., 0., 0., 0., 1., 0., 0., 0.,
       0., 0., 0., 1., 0., 0., 0., 0., 0., 1., 0., 0., 1., 0., 0., 0., 0.,
       1., 0., 0., 0., 0., 0., 0., 1., 0., 0., 0., 0., 0., 0., 1., 0., 0.,
       0., 0., 0.], dtype=float32), array([8., 0., 0., 0., 0., 1., 0., 1., 0., 1., 0., 0., 0., 0., 0., 0., 1.,
       0., 0., 0., 0., 0., 0., 1., 0., 0., 0., 0., 0., 0., 1., 0., 0., 0.,
       0., 0., 1., 0., 0., 1., 0., 0., 0., 0., 1., 0., 0., 0., 0., 0., 0.,
       1., 0., 0., 0., 1., 1., 0., 1., 0., 0., 0., 1., 0., 0., 1., 0., 0.,
       0., 0., 0.], dtype=float32))
	Rew: [np.float64(-0.1), np.float64(-0.1)]
	Done: False
	Accumulated Rew: ['-0.2', '-0.2']
	Team Reward (cumulative): -0.2
Step 3:
	Obs: (array([6., 9., 0., 0., 0., 1., 0., 1., 0., 1., 0., 0., 0., 0., 0., 0., 1.,
       0., 0., 0., 0., 0., 0., 1., 0., 0., 0., 0., 0., 0., 1., 0., 0., 0.,
       0., 0., 0., 1., 0., 0., 0., 0., 0., 0., 1., 0., 0., 0., 0., 0., 0.,
       1., 0., 0., 0., 0., 0., 0., 1., 0., 0., 0., 0., 0., 0., 1., 0., 0.,
       0., 0., 0.], dtype=float32), array([7., 0., 0., 0., 0., 1., 0., 1., 0., 1., 0., 0., 0., 0., 0., 0., 1.,
       0., 0., 0., 0., 0., 0., 1., 0., 0., 0., 0., 0., 0., 1., 0., 0., 0.,
       0., 0., 0., 1., 0., 0., 0., 0., 0., 1., 0., 0., 1., 0., 0., 0., 0.,
       1., 0., 0., 0., 0., 0., 0., 1., 0., 0., 0., 1., 1., 0., 1., 0., 0.,
       0., 1., 0.], dtype=float32))
	Rew: [np.float64(-0.1), np.float64(-0.1)]
	Done: False
	Accumulated Rew: ['-0.3', '-0.3']
	Team Reward (cumulative): -0.3
Step 4:
	Obs: (array([5., 9., 0., 0., 0., 1., 0., 1., 0., 1., 0., 0., 0., 0., 0., 0., 1.,
       0., 0., 0., 0., 0., 0., 1., 0., 0., 0., 0., 0., 0., 1., 0., 0., 0.,
       0., 0., 0., 1., 0., 0., 0., 0., 0., 0., 1., 0., 0., 0., 0., 0., 0.,
       1., 0., 0., 0., 0., 0., 0., 1., 0., 0., 0., 0., 0., 0., 1., 0., 0.,
       0., 0., 0.], dtype=float32), array([6., 0., 0., 0., 0., 1., 0., 1., 0., 1., 0., 0., 0., 0., 0., 0., 1.,
       0., 0., 0., 0., 0., 0., 1., 0., 0., 0., 0., 0., 0., 1., 0., 0., 0.,
       0., 0., 0., 1., 0., 0., 0., 0., 0., 0., 1., 0., 0., 0., 0., 0., 0.,
       1., 0., 0., 0., 1., 0., 0., 1., 0., 0., 0., 0., 0., 0., 1., 0., 0.,
       0., 1., 1.], dtype=float32))
	Rew: [np.float64(-0.1), np.float64(-0.1)]
	Done: False
	Accumulated Rew: ['-0.4', '-0.4']
	Team Reward (cumulative): -0.4
Step 5:
	Obs: (array([4., 9., 0., 0., 0., 1., 0., 1., 0., 1., 0., 0., 0., 0., 0., 0., 1.,
       0., 0., 0., 0., 0., 0., 1., 0., 0., 0., 0., 0., 0., 1., 0., 0., 0.,
       0., 0., 0., 1., 0., 0., 0., 0., 0., 0., 1., 0., 0., 0., 0., 0., 0.,
       1., 0., 0., 0., 0., 0., 0., 1., 0., 0., 0., 0., 0., 0., 1., 0., 0.,
       0., 0., 0.], dtype=float32), array([6., 0., 0., 0., 0., 1., 0., 1., 0., 1., 0., 0., 0., 0., 0., 0., 1.,
       0., 0., 0., 0., 0., 0., 1., 0., 0., 0., 0., 0., 0., 1., 0., 0., 0.,
       0., 0., 0., 1., 0., 0., 0., 0., 0., 0., 1., 0., 0., 0., 0., 0., 0.,
       1., 0., 0., 0., 1., 0., 0., 1., 0., 0., 0., 0., 0., 0., 1., 0., 0.,
       0., 1., 1.], dtype=float32))
	Rew: [np.float64(10.0), np.float64(-0.1)]
	Done: False
	Accumulated Rew: ['9.6', '-0.5']
	Team Reward (cumulative): -0.5
Step 6:
	Obs: (array([4., 9., 0., 0., 0., 1., 0., 1., 0., 1., 0., 0., 0., 0., 0., 0., 1.,
       0., 0., 0., 0., 0., 0., 1., 0., 0., 0., 0., 0., 0., 1., 0., 0., 0.,
       0., 0., 0., 1., 0., 0., 0., 0., 0., 0., 1., 0., 0., 0., 0., 0., 0.,
       1., 0., 0., 0., 0., 0., 0., 1., 0., 0., 0., 0., 0., 0., 1., 0., 0.,
       0., 0., 0.], dtype=float32), array([6., 0., 0., 0., 1., 0., 0., 1., 0., 1., 0., 0., 0., 0., 0., 0., 1.,
       0., 0., 0., 0., 0., 0., 1., 0., 0., 0., 0., 0., 0., 1., 0., 0., 0.,
       0., 0., 0., 1., 0., 0., 0., 0., 0., 0., 1., 0., 0., 0., 0., 0., 0.,
       1., 0., 0., 0., 1., 0., 0., 1., 0., 0., 0., 0., 0., 0., 1., 0., 0.,
       0., 1., 1.], dtype=float32))
	Rew: [np.float64(0.0), np.float64(-0.1)]
	Done: False
	Accumulated Rew: ['9.6', '-0.6']
	Team Reward (cumulative): -0.6
Step 7:
	Obs: (array([4., 9., 0., 0., 0., 1., 0., 1., 0., 1., 0., 0., 0., 0., 0., 0., 1.,
       0., 0., 0., 0., 0., 0., 1., 0., 0., 0., 0., 0., 0., 1., 0., 0., 0.,
       0., 0., 0., 1., 0., 0., 0., 0., 0., 0., 1., 0., 0., 0., 0., 0., 0.,
       1., 0., 0., 0., 0., 0., 0., 1., 0., 0., 0., 0., 0., 0., 1., 0., 0.,
       0., 0., 0.], dtype=float32), array([6., 1., 0., 0., 1., 0., 0., 1., 0., 1., 0., 0., 0., 0., 0., 0., 1.,
       0., 0., 0., 0., 0., 0., 1., 0., 0., 0., 0., 0., 0., 1., 0., 0., 0.,
       1., 0., 0., 1., 0., 0., 0., 0., 0., 0., 1., 0., 0., 0., 1., 1., 0.,
       1., 0., 0., 0., 1., 0., 0., 1., 0., 0., 0., 0., 0., 0., 1., 0., 0.,
       0., 1., 0.], dtype=float32))
	Rew: [np.float64(0.0), np.float64(-0.1)]
	Done: False
	Accumulated Rew: ['9.6', '-0.7']
	Team Reward (cumulative): -0.7
Step 8:
	Obs: (array([4., 9., 0., 0., 0., 1., 0., 1., 0., 1., 0., 0., 0., 0., 0., 0., 1.,
       0., 0., 0., 0., 0., 0., 1., 0., 0., 0., 0., 0., 0., 1., 0., 0., 0.,
       0., 0., 0., 1., 0., 0., 0., 0., 0., 0., 1., 0., 0., 0., 0., 0., 0.,
       1., 0., 0., 0., 0., 0., 0., 1., 0., 0., 0., 0., 0., 0., 1., 0., 0.,
       0., 0., 0.], dtype=float32), array([6., 2., 0., 0., 1., 0., 0., 1., 0., 1., 0., 0., 0., 1., 0., 0., 1.,
       0., 0., 0., 0., 0., 0., 1., 0., 0., 0., 1., 1., 0., 1., 0., 0., 0.,
       1., 0., 0., 1., 0., 0., 0., 0., 0., 0., 1., 0., 0., 0., 1., 0., 0.,
       1., 0., 0., 0., 1., 0., 0., 1., 0., 0., 0., 0., 0., 0., 1., 0., 0.,
       0., 1., 0.], dtype=float32))
	Rew: [np.float64(0.0), np.float64(-0.1)]
	Done: False
	Accumulated Rew: ['9.6', '-0.8']
	Team Reward (cumulative): -0.8
Step 9:
	Obs: (array([4., 9., 0., 0., 0., 1., 0., 1., 0., 1., 0., 0., 0., 0., 0., 0., 1.,
       0., 0., 0., 0., 0., 0., 1., 0., 0., 0., 0., 0., 0., 1., 0., 0., 0.,
       0., 0., 0., 1., 0., 0., 0., 0., 0., 0., 1., 0., 0., 0., 0., 0., 0.,
       1., 0., 0., 0., 0., 0., 0., 1., 0., 0., 0., 0., 0., 0., 1., 0., 0.,
       0., 0., 0.], dtype=float32), array([6., 3., 0., 0., 1., 0., 0., 1., 0., 1., 0., 0., 0., 1., 0., 0., 1.,
       0., 0., 0., 0., 0., 0., 1., 0., 0., 0., 1., 0., 0., 1., 0., 0., 0.,
       1., 0., 0., 1., 0., 0., 0., 0., 0., 0., 1., 0., 0., 0., 1., 0., 0.,
       1., 0., 0., 0., 0., 0., 0., 1., 0., 0., 0., 0., 0., 0., 1., 0., 0.,
       0., 0., 0.], dtype=float32))
	Rew: [np.float64(0.0), np.float64(-0.1)]
	Done: False
	Accumulated Rew: ['9.6', '-0.9']
	Team Reward (cumulative): -0.9
Step 10:
	Obs: (array([4., 9., 0., 0., 0., 1., 0., 1., 0., 1., 0., 0., 0., 0., 0., 0., 1.,
       0., 0., 0., 0., 0., 0., 1., 0., 0., 0., 0., 0., 0., 1., 0., 0., 0.,
       0., 0., 0., 1., 0., 0., 0., 0., 0., 0., 1., 0., 0., 0., 0., 0., 0.,
       1., 0., 0., 0., 0., 0., 0., 1., 0., 0., 0., 0., 0., 0., 1., 0., 0.,
       0., 0., 0.], dtype=float32), array([6., 4., 0., 0., 1., 0., 0., 1., 0., 1., 0., 0., 0., 1., 0., 0., 1.,
       0., 0., 0., 0., 0., 0., 1., 0., 0., 0., 1., 0., 0., 1., 0., 0., 0.,
       0., 0., 0., 1., 0., 0., 0., 0., 0., 0., 1., 0., 0., 0., 0., 0., 0.,
       1., 0., 0., 0., 0., 0., 0., 1., 0., 0., 0., 0., 0., 0., 1., 0., 0.,
       0., 1., 0.], dtype=float32))
	Rew: [np.float64(0.0), np.float64(-0.1)]
	Done: False
	Accumulated Rew: ['9.6', '-1.0']
	Team Reward (cumulative): -1.0
Step 11:
	Obs: (array([4., 9., 0., 0., 0., 1., 0., 1., 0., 1., 0., 0., 0., 0., 0., 0., 1.,
       0., 0., 0., 0., 0., 0., 1., 0., 0., 0., 0., 0., 0., 1., 0., 0., 0.,
       0., 0., 0., 1., 0., 0., 0., 0., 0., 0., 1., 0., 0., 0., 0., 0., 0.,
       1., 0., 0., 0., 0., 0., 0., 1., 0., 0., 0., 0., 0., 0., 1., 0., 0.,
       0., 0., 0.], dtype=float32), array([6., 4., 0., 0., 0., 1., 0., 1., 0., 1., 0., 0., 0., 1., 0., 0., 1.,
       0., 0., 0., 0., 0., 0., 1., 0., 0., 0., 1., 0., 0., 1., 0., 0., 0.,
       0., 0., 0., 1., 0., 0., 0., 0., 0., 0., 1., 0., 0., 0., 0., 0., 0.,
       1., 0., 0., 0., 0., 0., 0., 1., 0., 0., 0., 0., 0., 0., 1., 0., 0.,
       0., 1., 0.], dtype=float32))
	Rew: [np.float64(0.0), np.float64(-0.1)]
	Done: False
	Accumulated Rew: ['9.6', '-1.1']
	Team Reward (cumulative): -1.1
Step 12:
	Obs: (array([4., 9., 0., 0., 0., 1., 0., 1., 0., 1., 0., 0., 0., 0., 0., 0., 1.,
       0., 0., 0., 0., 0., 0., 1., 0., 0., 0., 0., 0., 0., 1., 0., 0., 0.,
       0., 0., 0., 1., 0., 0., 0., 0., 0., 0., 1., 0., 0., 0., 0., 0., 0.,
       1., 0., 0., 0., 0., 0., 0., 1., 0., 0., 0., 0., 0., 0., 1., 0., 0.,
       0., 0., 0.], dtype=float32), array([5., 4., 0., 0., 0., 1., 0., 1., 0., 1., 0., 0., 0., 1., 0., 0., 1.,
       0., 0., 0., 1., 0., 0., 1., 0., 0., 0., 0., 0., 0., 1., 0., 0., 0.,
       0., 0., 0., 1., 0., 0., 0., 0., 0., 0., 1., 0., 0., 0., 0., 0., 0.,
       1., 0., 0., 0., 0., 0., 0., 1., 0., 0., 0., 0., 0., 0., 1., 0., 0.,
       0., 0., 0.], dtype=float32))
	Rew: [np.float64(0.0), np.float64(-0.1)]
	Done: False
	Accumulated Rew: ['9.6', '-1.2']
	Team Reward (cumulative): -1.2
Step 13:
	Obs: (array([4., 9., 0., 0., 0., 1., 0., 1., 0., 1., 0., 0., 0., 0., 0., 0., 1.,
       0., 0., 0., 0., 0., 0., 1., 0., 0., 0., 0., 0., 0., 1., 0., 0., 0.,
       0., 0., 0., 1., 0., 0., 0., 0., 0., 0., 1., 0., 0., 0., 0., 0., 0.,
       1., 0., 0., 0., 0., 0., 0., 1., 0., 0., 0., 0., 0., 0., 1., 0., 0.,
       0., 0., 0.], dtype=float32), array([5., 4., 0., 0., 1., 0., 0., 1., 0., 1., 0., 0., 0., 1., 0., 0., 1.,
       0., 0., 0., 1., 0., 0., 1., 0., 0., 0., 0., 0., 0., 1., 0., 0., 0.,
       0., 0., 0., 1., 0., 0., 0., 0., 0., 0., 1., 0., 0., 0., 0., 0., 0.,
       1., 0., 0., 0., 0., 0., 0., 1., 0., 0., 0., 0., 0., 0., 1., 0., 0.,
       0., 0., 0.], dtype=float32))
	Rew: [np.float64(0.0), np.float64(-0.1)]
	Done: False
	Accumulated Rew: ['9.6', '-1.3']
	Team Reward (cumulative): -1.3
Step 14:
	Obs: (array([4., 9., 0., 0., 0., 1., 0., 1., 0., 1., 0., 0., 0., 0., 0., 0., 1.,
       0., 0., 0., 0., 0., 0., 1., 0., 0., 0., 0., 0., 0., 1., 0., 0., 0.,
       0., 0., 0., 1., 0., 0., 0., 0., 0., 0., 1., 0., 0., 0., 0., 0., 0.,
       1., 0., 0., 0., 0., 0., 0., 1., 0., 0., 0., 0., 0., 0., 1., 0., 0.,
       0., 0., 0.], dtype=float32), array([5., 5., 0., 0., 1., 0., 0., 1., 0., 1., 0., 0., 0., 0., 0., 0., 1.,
       0., 0., 0., 0., 0., 0., 1., 0., 0., 0., 0., 0., 0., 1., 0., 0., 0.,
       0., 0., 0., 1., 0., 0., 0., 0., 0., 0., 1., 0., 0., 0., 0., 0., 0.,
       1., 0., 0., 0., 0., 0., 0., 1., 0., 0., 0., 0., 0., 0., 1., 0., 0.,
       0., 0., 0.], dtype=float32))
	Rew: [np.float64(0.0), np.float64(-0.1)]
	Done: False
	Accumulated Rew: ['9.6', '-1.4']
	Team Reward (cumulative): -1.4
Step 15:
	Obs: (array([4., 9., 0., 0., 0., 1., 0., 1., 0., 1., 0., 0., 0., 0., 0., 0., 1.,
       0., 0., 0., 0., 0., 0., 1., 0., 0., 0., 0., 0., 0., 1., 0., 0., 0.,
       0., 0., 0., 1., 0., 0., 0., 0., 0., 0., 1., 0., 0., 0., 0., 0., 0.,
       1., 0., 0., 0., 0., 0., 0., 1., 0., 0., 0., 0., 0., 0., 1., 0., 0.,
       0., 0., 0.], dtype=float32), array([5., 6., 0., 0., 1., 0., 0., 1., 0., 1., 0., 0., 0., 0., 0., 0., 1.,
       0., 0., 0., 0., 0., 0., 1., 0., 0., 0., 0., 0., 0., 1., 0., 0., 0.,
       0., 0., 0., 1., 0., 0., 0., 0., 0., 0., 1., 0., 0., 0., 0., 0., 0.,
       1., 0., 0., 0., 0., 0., 0., 1., 0., 0., 0., 0., 0., 0., 1., 0., 0.,
       0., 0., 0.], dtype=float32))
	Rew: [np.float64(0.0), np.float64(-0.1)]
	Done: False
	Accumulated Rew: ['9.6', '-1.5']
	Team Reward (cumulative): -1.5
Step 16:
	Obs: (array([4., 9., 0., 0., 0., 1., 0., 1., 0., 1., 0., 0., 0., 0., 0., 0., 1.,
       0., 0., 0., 0., 0., 0., 1., 0., 0., 0., 0., 0., 0., 1., 0., 0., 0.,
       0., 0., 0., 1., 0., 0., 0., 0., 0., 0., 1., 0., 0., 0., 0., 0., 0.,
       1., 0., 0., 0., 0., 0., 0., 1., 0., 0., 0., 0., 0., 0., 1., 0., 0.,
       0., 0., 0.], dtype=float32), array([5., 7., 0., 0., 1., 0., 0., 1., 0., 1., 0., 0., 0., 0., 0., 0., 1.,
       0., 0., 0., 0., 0., 0., 1., 0., 0., 0., 0., 0., 0., 1., 0., 0., 0.,
       0., 0., 0., 1., 0., 0., 0., 0., 0., 0., 1., 0., 0., 0., 0., 0., 0.,
       1., 0., 0., 0., 0., 0., 0., 1., 0., 0., 0., 0., 0., 0., 1., 0., 0.,
       0., 0., 0.], dtype=float32))
	Rew: [np.float64(0.0), np.float64(-0.1)]
	Done: False
	Accumulated Rew: ['9.6', '-1.6']
	Team Reward (cumulative): -1.6
Step 17:
	Obs: (array([4., 9., 0., 0., 0., 1., 0., 1., 0., 1., 0., 0., 0., 0., 0., 0., 1.,
       0., 0., 0., 0., 0., 0., 1., 0., 0., 0., 0., 0., 0., 1., 0., 0., 0.,
       0., 0., 0., 1., 0., 0., 0., 0., 0., 0., 1., 0., 0., 0., 0., 0., 0.,
       1., 0., 0., 0., 0., 0., 0., 1., 0., 0., 0., 0., 0., 0., 1., 0., 0.,
       0., 0., 0.], dtype=float32), array([5., 8., 0., 0., 1., 0., 0., 1., 0., 1., 0., 0., 0., 0., 0., 0., 1.,
       0., 0., 0., 0., 0., 0., 1., 0., 0., 0., 0., 0., 0., 1., 0., 0., 0.,
       0., 0., 0., 1., 0., 0., 0., 0., 0., 0., 1., 0., 0., 0., 0., 0., 0.,
       1., 0., 0., 0., 0., 0., 0., 1., 0., 0., 0., 0., 0., 0., 1., 0., 0.,
       0., 0., 0.], dtype=float32))
	Rew: [np.float64(0.0), np.float64(-0.1)]
	Done: False
	Accumulated Rew: ['9.6', '-1.7']
	Team Reward (cumulative): -1.7
Step 18:
	Obs: (array([4., 9., 0., 0., 0., 1., 0., 1., 0., 1., 0., 0., 0., 0., 0., 0., 1.,
       0., 0., 0., 0., 0., 0., 1., 0., 0., 0., 0., 0., 0., 1., 0., 0., 0.,
       0., 0., 0., 1., 0., 0., 0., 0., 0., 0., 1., 0., 0., 0., 0., 0., 0.,
       1., 0., 0., 0., 0., 0., 0., 1., 0., 0., 0., 0., 0., 0., 1., 0., 0.,
       0., 0., 0.], dtype=float32), array([5., 9., 0., 0., 1., 0., 0., 1., 0., 1., 0., 0., 0., 0., 0., 0., 1.,
       0., 0., 0., 0., 0., 0., 1., 0., 0., 0., 0., 0., 0., 1., 0., 0., 0.,
       0., 0., 0., 1., 0., 0., 0., 0., 0., 0., 1., 0., 0., 0., 0., 0., 0.,
       1., 0., 0., 0., 0., 0., 0., 1., 0., 0., 0., 0., 0., 0., 1., 0., 0.,
       0., 0., 0.], dtype=float32))
	Rew: [np.float64(0.0), np.float64(10.0)]
	Done: True
	Accumulated Rew: ['9.6', '8.3']
	Team Reward (cumulative): 48.3
Step 1:
	Obs: (array([4., 6., 0., 0., 1., 0., 0., 1., 0., 1., 0., 0., 0., 0., 0., 1., 0.,
       1., 0., 0., 0., 0., 0., 1., 0., 0., 0., 0., 0., 0., 1., 0., 0., 0.,
       0., 0., 0., 1., 0., 0., 0., 0., 0., 0., 1., 0., 0., 0., 0., 0., 0.,
       1., 0., 0., 0., 0., 0., 0., 1., 0., 0., 0., 0., 0., 0., 1., 0., 0.,
       0., 0., 0.], dtype=float32), array([5., 8., 0., 0., 1., 0., 0., 1., 0., 1., 0., 0., 0., 0., 0., 0., 1.,
       0., 0., 0., 0., 0., 0., 1., 0., 0., 0., 0., 0., 0., 1., 0., 0., 0.,
       0., 0., 1., 0., 1., 0., 0., 0., 0., 0., 1., 0., 0., 0., 0., 0., 0.,
       1., 0., 0., 0., 0., 0., 0., 1., 0., 0., 0., 0., 0., 0., 1., 0., 0.,
       0., 0., 0.], dtype=float32))
	Rew: [np.float64(-0.1), np.float64(-0.1)]
	Done: False
	Accumulated Rew: ['-0.1', '-0.1']
	Team Reward (cumulative): 48.2
Step 2:
	Obs: (array([4., 7., 0., 0., 1., 0., 0., 1., 0., 1., 0., 0., 0., 0., 0., 0., 1.,
       0., 0., 0., 0., 0., 0., 1., 0., 0., 0., 0., 0., 0., 1., 0., 0., 0.,
       0., 0., 0., 1., 0., 0., 0., 0., 0., 0., 1., 0., 0., 0., 0., 0., 0.,
       1., 0., 0., 0., 0., 0., 0., 1., 0., 0., 0., 0., 0., 1., 0., 1., 0.,
       0., 0., 0.], dtype=float32), array([5., 9., 0., 0., 1., 0., 0., 1., 0., 1., 0., 0., 0., 0., 0., 1., 0.,
       1., 0., 0., 0., 0., 0., 1., 0., 0., 0., 0., 0., 0., 1., 0., 0., 0.,
       0., 0., 0., 1., 0., 0., 0., 0., 0., 0., 1., 0., 0., 0., 0., 0., 0.,
       1., 0., 0., 0., 0., 0., 0., 1., 0., 0., 0., 0., 0., 0., 1., 0., 0.,
       0., 0., 0.], dtype=float32))
	Rew: [np.float64(-0.1), np.float64(10.0)]
	Done: False
	Accumulated Rew: ['-0.2', '9.9']
	Team Reward (cumulative): 48.1
Step 3:
	Obs: (array([4., 8., 0., 0., 1., 0., 0., 1., 0., 1., 0., 0., 0., 0., 0., 0., 1.,
       0., 0., 0., 0., 0., 0., 1., 0., 0., 0., 0., 0., 0., 1., 0., 0., 0.,
       0., 0., 0., 1., 0., 0., 0., 0., 0., 1., 0., 1., 0., 0., 0., 0., 0.,
       1., 0., 0., 0., 0., 0., 0., 1., 0., 0., 0., 0., 0., 0., 1., 0., 0.,
       0., 0., 0.], dtype=float32), array([5., 9., 0., 0., 1., 0., 0., 1., 0., 1., 0., 0., 0., 0., 0., 1., 0.,
       1., 0., 0., 0., 0., 0., 1., 0., 0., 0., 0., 0., 0., 1., 0., 0., 0.,
       0., 0., 0., 1., 0., 0., 0., 0., 0., 0., 1., 0., 0., 0., 0., 0., 0.,
       1., 0., 0., 0., 0., 0., 0., 1., 0., 0., 0., 0., 0., 0., 1., 0., 0.,
       0., 0., 0.], dtype=float32))
	Rew: [np.float64(-0.1), np.float64(0.0)]
	Done: False
	Accumulated Rew: ['-0.3', '9.9']
	Team Reward (cumulative): 48.0
Step 4:
	Obs: (array([4., 9., 0., 0., 1., 0., 0., 1., 0., 1., 0., 0., 0., 0., 0., 0., 1.,
       0., 0., 0., 0., 0., 1., 0., 1., 0., 0., 0., 0., 0., 1., 0., 0., 0.,
       0., 0., 0., 1., 0., 0., 0., 0., 0., 0., 1., 0., 0., 0., 0., 0., 0.,
       1., 0., 0., 0., 0., 0., 0., 1., 0., 0., 0., 0., 0., 0., 1., 0., 0.,
       0., 0., 0.], dtype=float32), array([5., 9., 0., 0., 1., 0., 0., 1., 0., 1., 0., 0., 0., 0., 0., 1., 0.,
       1., 0., 0., 0., 0., 0., 1., 0., 0., 0., 0., 0., 0., 1., 0., 0., 0.,
       0., 0., 0., 1., 0., 0., 0., 0., 0., 0., 1., 0., 0., 0., 0., 0., 0.,
       1., 0., 0., 0., 0., 0., 0., 1., 0., 0., 0., 0., 0., 0., 1., 0., 0.,
       0., 0., 0.], dtype=float32))
	Rew: [np.float64(10.0), np.float64(0.0)]
	Done: True
	Accumulated Rew: ['9.7', '9.9']
	Team Reward (cumulative): 98.0
Step 1:
	Obs: (array([1., 9., 0., 0., 0., 0., 1., 1., 0., 1., 0., 0., 0., 0., 0., 0., 1.,
       0., 0., 0., 0., 0., 0., 1., 0., 0., 0., 0., 0., 0., 1., 0., 0., 0.,
       0., 0., 1., 0., 0., 0., 1., 0., 0., 0., 1., 0., 0., 0., 0., 0., 0.,
       1., 0., 0., 0., 0., 0., 0., 1., 0., 0., 0., 0., 0., 0., 1., 0., 0.,
       0., 0., 0.], dtype=float32), array([5., 7., 0., 0., 0., 0., 1., 1., 0., 1., 0., 0., 0., 0., 0., 0., 1.,
       0., 0., 0., 0., 0., 0., 1., 0., 0., 0., 0., 0., 1., 0., 0., 0., 1.,
       0., 0., 0., 1., 0., 0., 0., 0., 0., 0., 1., 0., 0., 0., 0., 0., 0.,
       1., 0., 0., 0., 0., 0., 0., 1., 0., 0., 0., 0., 0., 0., 1., 0., 0.,
       0., 0., 0.], dtype=float32))
	Rew: [np.float64(-0.1), np.float64(-0.1)]
	Done: False
	Accumulated Rew: ['-0.1', '-0.1']
	Team Reward (cumulative): 97.9
Step 2:
	Obs: (array([2., 9., 0., 0., 0., 0., 1., 1., 0., 1., 0., 0., 0., 0., 0., 0., 1.,
       0., 0., 0., 0., 0., 0., 1., 0., 0., 0., 0., 0., 1., 0., 0., 0., 1.,
       0., 0., 0., 1., 0., 0., 0., 0., 0., 0., 1., 0., 0., 0., 0., 0., 0.,
       1., 0., 0., 0., 0., 0., 0., 1., 0., 0., 0., 0., 0., 0., 1., 0., 0.,
       0., 0., 0.], dtype=float32), array([5., 7., 0., 0., 1., 0., 0., 1., 0., 1., 0., 0., 0., 0., 0., 0., 1.,
       0., 0., 0., 0., 0., 0., 1., 0., 0., 0., 0., 0., 1., 0., 1., 0., 0.,
       0., 0., 0., 1., 0., 0., 0., 0., 0., 0., 1., 0., 0., 0., 0., 0., 0.,
       1., 0., 0., 0., 0., 0., 0., 1., 0., 0., 0., 0., 0., 0., 1., 0., 0.,
       0., 0., 0.], dtype=float32))
	Rew: [np.float64(-0.1), np.float64(-0.1)]
	Done: False
	Accumulated Rew: ['-0.2', '-0.2']
	Team Reward (cumulative): 97.8
Step 3:
	Obs: (array([3., 9., 0., 0., 0., 0., 1., 1., 0., 1., 0., 0., 0., 0., 0., 0., 1.,
       0., 0., 0., 0., 0., 0., 1., 0., 0., 0., 0., 0., 0., 1., 0., 0., 0.,
       0., 0., 0., 1., 0., 0., 0., 0., 0., 0., 1., 0., 0., 0., 0., 0., 0.,
       1., 0., 0., 0., 0., 0., 0., 1., 0., 0., 0., 0., 0., 0., 1., 0., 0.,
       0., 0., 0.], dtype=float32), array([5., 8., 0., 0., 1., 0., 0., 1., 1., 0., 1., 0., 0., 0., 0., 0., 1.,
       0., 0., 0., 0., 0., 0., 1., 0., 0., 0., 0., 0., 0., 1., 0., 0., 0.,
       0., 0., 0., 1., 0., 0., 0., 0., 0., 0., 1., 0., 0., 0., 0., 0., 0.,
       1., 0., 0., 0., 0., 0., 0., 1., 0., 0., 0., 0., 0., 0., 1., 0., 0.,
       0., 0., 0.], dtype=float32))
	Rew: [np.float64(-0.1), np.float64(-0.1)]
	Done: False
	Accumulated Rew: ['-0.3', '-0.3']
	Team Reward (cumulative): 97.7
Step 4:
	Obs: (array([4., 9., 0., 0., 0., 0., 1., 1., 0., 1., 0., 0., 0., 0., 0., 0., 1.,
       0., 0., 0., 0., 0., 0., 1., 0., 0., 0., 0., 0., 0., 1., 0., 0., 0.,
       0., 0., 0., 1., 0., 0., 0., 0., 0., 0., 1., 0., 0., 0., 0., 0., 0.,
       1., 0., 0., 0., 0., 0., 0., 1., 0., 0., 0., 0., 0., 0., 1., 0., 0.,
       0., 0., 0.], dtype=float32), array([5., 9., 0., 0., 1., 0., 0., 1., 0., 1., 0., 0., 0., 0., 0., 0., 1.,
       0., 0., 0., 0., 0., 0., 1., 0., 0., 0., 0., 0., 0., 1., 0., 0., 0.,
       0., 0., 0., 1., 0., 0., 0., 0., 0., 0., 1., 0., 0., 0., 0., 0., 0.,
       1., 0., 0., 0., 0., 0., 0., 1., 0., 0., 0., 0., 0., 0., 1., 0., 0.,
       0., 0., 0.], dtype=float32))
	Rew: [np.float64(10.0), np.float64(10.0)]
	Done: True
	Accumulated Rew: ['9.7', '9.7']
	Team Reward (cumulative): 147.7
Step 1:
	Obs: (array([3., 0., 0., 0., 0., 0., 1., 1., 0., 1., 0., 0., 0., 0., 0., 0., 1.,
       0., 0., 0., 0., 0., 0., 1., 0., 0., 0., 0., 0., 0., 1., 0., 0., 0.,
       0., 0., 1., 0., 0., 0., 1., 0., 0., 0., 1., 0., 0., 0., 0., 0., 1.,
       1., 0., 0., 0., 1., 0., 0., 1., 0., 0., 0., 0., 0., 0., 1., 0., 0.,
       0., 1., 0.], dtype=float32), array([2., 1., 0., 1., 0., 0., 0., 0., 0., 1., 0., 0., 0., 0., 0., 0., 1.,
       0., 0., 0., 0., 0., 1., 0., 0., 0., 1., 0., 0., 0., 1., 0., 0., 0.,
       1., 0., 1., 1., 0., 0., 0., 1., 0., 0., 1., 0., 0., 0., 0., 0., 0.,
       1., 0., 0., 0., 1., 0., 0., 1., 0., 0., 0., 1., 0., 0., 1., 0., 0.,
       0., 0., 0.], dtype=float32))
	Rew: [np.float64(-0.1), np.float64(-1.0)]
	Done: False
	Accumulated Rew: ['-0.1', '-1.0']
	Team Reward (cumulative): 147.6
Step 2:
	Obs: (array([3., 0., 0., 0., 1., 0., 0., 1., 0., 1., 0., 0., 0., 0., 0., 0., 1.,
       0., 0., 0., 0., 0., 0., 1., 0., 0., 0., 0., 0., 0., 1., 0., 0., 0.,
       0., 0., 1., 0., 1., 0., 0., 0., 0., 0., 1., 0., 0., 0., 0., 0., 1.,
       0., 0., 0., 1., 1., 0., 0., 1., 0., 0., 0., 0., 0., 0., 1., 0., 0.,
       0., 1., 0.], dtype=float32), array([2., 1., 0., 0., 0., 0., 1., 0., 0., 1., 0., 0., 0., 0., 0., 0., 1.,
       0., 0., 0., 0., 0., 1., 0., 1., 0., 0., 0., 0., 0., 1., 0., 0., 0.,
       1., 0., 1., 0., 0., 0., 1., 1., 0., 0., 1., 0., 0., 0., 0., 0., 0.,
       1., 0., 0., 0., 1., 0., 0., 1., 0., 0., 0., 1., 0., 0., 1., 0., 0.,
       0., 0., 0.], dtype=float32))
	Rew: [np.float64(-0.1), np.float64(-1.0)]
	Done: False
	Accumulated Rew: ['-0.2', '-2.0']
	Team Reward (cumulative): 147.5
Step 3:
	Obs: (array([3., 0., 0., 0., 1., 0., 0., 1., 0., 1., 0., 0., 0., 0., 0., 0., 1.,
       0., 0., 0., 0., 0., 0., 1., 0., 0., 0., 0., 0., 0., 1., 0., 0., 0.,
       0., 0., 1., 0., 1., 0., 0., 0., 0., 0., 1., 0., 0., 0., 0., 0., 1.,
       0., 0., 0., 1., 1., 0., 0., 1., 0., 0., 0., 0., 0., 0., 1., 0., 0.,
       0., 1., 0.], dtype=float32), array([2., 1., 0., 0., 0., 0., 1., 0., 0., 1., 0., 0., 0., 0., 0., 0., 1.,
       0., 0., 0., 0., 0., 1., 0., 1., 0., 0., 0., 0., 0., 1., 0., 0., 0.,
       1., 0., 1., 0., 0., 0., 1., 1., 0., 0., 1., 0., 0., 0., 0., 0., 0.,
       1., 0., 0., 0., 1., 0., 0., 1., 0., 0., 0., 1., 0., 0., 1., 0., 0.,
       0., 0., 0.], dtype=float32))
	Rew: [np.float64(-1.0), np.float64(-1.0)]
	Done: False
	Accumulated Rew: ['-1.2', '-3.0']
	Team Reward (cumulative): 147.4
Step 4:
	Obs: (array([3., 0., 0., 0., 1., 0., 0., 1., 0., 1., 0., 0., 0., 0., 0., 0., 1.,
       0., 0., 0., 0., 0., 0., 1., 0., 0., 0., 0., 0., 0., 1., 0., 0., 0.,
       0., 0., 1., 0., 1., 0., 0., 0., 0., 0., 1., 0., 0., 0., 0., 0., 1.,
       0., 0., 0., 1., 1., 0., 0., 1., 0., 0., 0., 0., 0., 0., 1., 0., 0.,
       0., 1., 0.], dtype=float32), array([2., 1., 0., 0., 0., 0., 1., 0., 0., 1., 0., 0., 0., 0., 0., 0., 1.,
       0., 0., 0., 0., 0., 1., 0., 1., 0., 0., 0., 0., 0., 1., 0., 0., 0.,
       1., 0., 1., 0., 0., 0., 1., 1., 0., 0., 1., 0., 0., 0., 0., 0., 0.,
       1., 0., 0., 0., 1., 0., 0., 1., 0., 0., 0., 1., 0., 0., 1., 0., 0.,
       0., 0., 0.], dtype=float32))
	Rew: [np.float64(-1.0), np.float64(-1.0)]
	Done: False
	Accumulated Rew: ['-2.2', '-4.0']
	Team Reward (cumulative): 147.3
Step 5:
	Obs: (array([3., 0., 0., 0., 1., 0., 0., 1., 0., 1., 0., 0., 0., 0., 0., 0., 1.,
       0., 0., 0., 0., 0., 0., 1., 0., 0., 0., 0., 0., 0., 1., 0., 0., 0.,
       0., 0., 1., 0., 1., 0., 0., 0., 0., 0., 1., 0., 0., 0., 0., 0., 1.,
       0., 0., 0., 1., 1., 0., 0., 1., 0., 0., 0., 0., 0., 0., 1., 0., 0.,
       0., 1., 0.], dtype=float32), array([2., 1., 0., 0., 0., 0., 1., 0., 0., 1., 0., 0., 0., 0., 0., 0., 1.,
       0., 0., 0., 0., 0., 1., 0., 1., 0., 0., 0., 0., 0., 1., 0., 0., 0.,
       1., 0., 1., 0., 0., 0., 1., 1., 0., 0., 1., 0., 0., 0., 0., 0., 0.,
       1., 0., 0., 0., 1., 0., 0., 1., 0., 0., 0., 1., 0., 0., 1., 0., 0.,
       0., 0., 0.], dtype=float32))
	Rew: [np.float64(-1.0), np.float64(-1.0)]
	Done: False
	Accumulated Rew: ['-3.2', '-5.0']
	Team Reward (cumulative): 147.2
Step 6:
	Obs: (array([3., 0., 0., 0., 1., 0., 0., 1., 0., 1., 0., 0., 0., 0., 0., 0., 1.,
       0., 0., 0., 0., 0., 0., 1., 0., 0., 0., 0., 0., 0., 1., 0., 0., 0.,
       0., 0., 1., 0., 1., 0., 0., 0., 0., 0., 1., 0., 0., 0., 0., 0., 1.,
       0., 0., 0., 1., 1., 0., 0., 1., 0., 0., 0., 0., 0., 0., 1., 0., 0.,
       0., 1., 0.], dtype=float32), array([2., 1., 0., 0., 0., 0., 1., 0., 0., 1., 0., 0., 0., 0., 0., 0., 1.,
       0., 0., 0., 0., 0., 1., 0., 1., 0., 0., 0., 0., 0., 1., 0., 0., 0.,
       1., 0., 1., 0., 0., 0., 1., 1., 0., 0., 1., 0., 0., 0., 0., 0., 0.,
       1., 0., 0., 0., 1., 0., 0., 1., 0., 0., 0., 1., 0., 0., 1., 0., 0.,
       0., 0., 0.], dtype=float32))
	Rew: [np.float64(-1.0), np.float64(-1.0)]
	Done: False
	Accumulated Rew: ['-4.2', '-6.0']
	Team Reward (cumulative): 147.1
Step 7:
	Obs: (array([3., 0., 0., 0., 1., 0., 0., 1., 0., 1., 0., 0., 0., 0., 0., 0., 1.,
       0., 0., 0., 0., 0., 0., 1., 0., 0., 0., 0., 0., 0., 1., 0., 0., 0.,
       0., 0., 1., 0., 1., 0., 0., 0., 0., 0., 1., 0., 0., 0., 0., 0., 1.,
       0., 0., 0., 1., 1., 0., 0., 1., 0., 0., 0., 0., 0., 0., 1., 0., 0.,
       0., 1., 0.], dtype=float32), array([2., 1., 0., 0., 0., 0., 1., 0., 0., 1., 0., 0., 0., 0., 0., 0., 1.,
       0., 0., 0., 0., 0., 1., 0., 1., 0., 0., 0., 0., 0., 1., 0., 0., 0.,
       1., 0., 1., 0., 0., 0., 1., 1., 0., 0., 1., 0., 0., 0., 0., 0., 0.,
       1., 0., 0., 0., 1., 0., 0., 1., 0., 0., 0., 1., 0., 0., 1., 0., 0.,
       0., 0., 0.], dtype=float32))
	Rew: [np.float64(-1.0), np.float64(-1.0)]
	Done: False
	Accumulated Rew: ['-5.2', '-7.0']
	Team Reward (cumulative): 147.0
Step 8:
	Obs: (array([3., 0., 0., 0., 1., 0., 0., 1., 0., 1., 0., 0., 0., 0., 0., 0., 1.,
       0., 0., 0., 0., 0., 0., 1., 0., 0., 0., 0., 0., 0., 1., 0., 0., 0.,
       0., 0., 1., 0., 1., 0., 0., 0., 0., 0., 1., 0., 0., 0., 0., 0., 1.,
       0., 0., 0., 1., 1., 0., 0., 1., 0., 0., 0., 0., 0., 0., 1., 0., 0.,
       0., 1., 0.], dtype=float32), array([2., 1., 0., 0., 0., 0., 1., 0., 0., 1., 0., 0., 0., 0., 0., 0., 1.,
       0., 0., 0., 0., 0., 1., 0., 1., 0., 0., 0., 0., 0., 1., 0., 0., 0.,
       1., 0., 1., 0., 0., 0., 1., 1., 0., 0., 1., 0., 0., 0., 0., 0., 0.,
       1., 0., 0., 0., 1., 0., 0., 1., 0., 0., 0., 1., 0., 0., 1., 0., 0.,
       0., 0., 0.], dtype=float32))
	Rew: [np.float64(-1.0), np.float64(-1.0)]
	Done: False
	Accumulated Rew: ['-6.2', '-8.0']
	Team Reward (cumulative): 146.9
